1000
50000.0 22854.405373544727
50000.0 23659.325375116212
50000.0 87684.3035826513
50000.0 38780.57479196381
50000.0 13758.47437068337
50000.0 40186.10796234257
50000.0 48016.58236411763
50000.0 88718.35339217624
50000.0 64755.51396858552
50000.0 50792.47225466543
50000.0 81336.62889885121
50000.0 63930.46808817035
50000.0 3403.753137110521
50000.0 28218.95196669779
50000.0 24018.593073129658
50000.0 42171.80701730929
50000.0 45151.580035040395
50000.0 65096.115462965645
50000.0 17992.09314584035
50000.0 17748.08913655621
50000.0 97366.39155239459
50000.0 35319.610648063746
50000.0 84559.58392970054
50000.0 38674.75442386733
50000.0 82302.89392574593
50000.0 84315.83538039622
50000.0 58624.59469292718
50000.0 50891.11754380057
50000.0 61923.33580703324
50000.0 23057.076853397397
50000.0 36094.92091016393
50000.0 55337.948205902154
50000.0 9083.014318444039
50000.0 2958.628187599366
50000.0 39605.52418596182
50000.0 31659.28769358395
50000.0 49962.39996165306
50000.0 59509.36514544751
50000.0 63744.035766756744
50000.0 20259.45322775956
50000.0 21252.05082181455
50000.0 62418.21426422095
50000.0 99662.22943080372
50000.0 26687.669142032024
50000.0 33386.471413347266
50000.0 73523.98637021756
50000.0 67592.67370773359
50000.0 88218.55127382642
50000.0 7492.754303918514
50000.0 96279.88573792648
50000.0 19470.160105017876
50000.0 8672.999685680472
50000.0 6196.961498143028
50000.0 39470.19649595803
50000.0 99135.65412298043
50000.0 30566.2289252668
50000.0 91958.89572998107
50000.0 27408.223699448685
50000.0 4160.973612134889
50000.0 20488.73201722111
50000.0 20293.681411476682
50000.0 48606.52443150791
50000.0 74187.37676952267
50000.0 83392.10790824152
50000.0 86865.60719882998
50000.0 13007.064069794162
50000.0 91252.03024299844
50000.0 48549.57195950826
50000.0 3657.154783478589
50000.0 13465.78461053627
50000.0 50968.97173899784
50000.0 93566.16529962783
50000.0 14322.303215055254
50000.0 70541.89834688272
50000.0 63619.162047773556
50000.0 84099.67648631889
50000.0 33356.898592906226
50000.0 88585.36407398224
50000.0 71071.92636404127
50000.0 73779.81289420994
50000.0 7437.463713265824
50000.0 3654.445383054361
50000.0 26623.937056895476
50000.0 85715.64587324436
50000.0 74310.82901965082
50000.0 62697.23525045076
50000.0 7503.052643321451
50000.0 2657.358451647085
50000.0 68142.64855021393
50000.0 22610.45265879047
50000.0 88830.68096535279
50000.0 80868.47065793874
50000.0 8630.592170632568
50000.0 51521.59699627917
50000.0 28485.773898700907
50000.0 77959.42229368753
50000.0 60064.153587298155
50000.0 13009.716473236322
50000.0 30619.30157327194
50000.0 21664.564655213002
50000.0 54263.35588005717
50000.0 88669.80324079675
50000.0 53041.70698326711
50000.0 35386.6520901457
50000.0 38252.52897094123
50000.0 69538.108957054
50000.0 8501.464100631483
50000.0 98456.96350150625
50000.0 671.8816359638779
50000.0 59571.72742880591
50000.0 50508.46093450796
50000.0 96135.17037574167
50000.0 79113.49896501195
50000.0 3566.46196107383
50000.0 69539.66777203605
50000.0 82093.45946586541
50000.0 54585.04396494444
50000.0 45694.68827089717
50000.0 89442.78702240558
50000.0 47492.627195528315
50000.0 98817.46694339531
50000.0 68498.10780825744
50000.0 72271.23566165817
50000.0 26411.994923253922
50000.0 92233.91289627514
50000.0 63982.518344013326
50000.0 47076.7817197687
50000.0 55047.38485667675
50000.0 9507.121321520473
50000.0 43862.640970916626
50000.0 30040.262658771033
50000.0 39596.75080180939
50000.0 56568.77440391179
50000.0 379.4743350832186
50000.0 15099.443305375537
50000.0 64967.50222306912
50000.0 10417.8985513257
50000.0 5252.294469055163
50000.0 83390.09237692894
50000.0 60577.728480518235
50000.0 84613.83826596758
50000.0 13650.291438847462
50000.0 46950.29552848799
50000.0 90926.63539282748
50000.0 81402.8773295756
50000.0 8344.23974347076
50000.0 37611.62250468563
50000.0 43675.5740771098
50000.0 45281.32304573479
50000.0 51608.816321264916
50000.0 57117.35299981293
50000.0 90648.13535418437
50000.0 68015.84809070808
50000.0 452.759631201749
50000.0 84815.78764931648
50000.0 62468.2085107889
50000.0 21715.09767524946
50000.0 60347.41632944585
50000.0 20545.536900701645
50000.0 56509.926810939214
50000.0 75991.01891747398
50000.0 70724.57859900616
50000.0 89376.14033389946
50000.0 51321.02400342949
50000.0 2848.9279692391788
50000.0 85816.68590949282
50000.0 87751.08502600559
50000.0 76192.67183301105
50000.0 30557.59774017396
50000.0 4051.5793151440494
50000.0 21186.18959597133
50000.0 34214.33037741125
50000.0 99912.82593979035
50000.0 98624.471688435
50000.0 11916.044426019267
50000.0 29887.431842863898
50000.0 16316.211712233975
50000.0 10010.34751389861
50000.0 67200.54532842521
50000.0 73563.47246355237
50000.0 83280.12116951618
50000.0 30692.258723971634
50000.0 90740.05572261383
50000.0 77251.20484924573
50000.0 4789.7368078151485
50000.0 20297.637713970005
50000.0 55143.8512304124
50000.0 27827.40588037662
50000.0 7023.32297585464
50000.0 69281.1651585157
50000.0 65520.2074259875
50000.0 97803.02239377043
50000.0 22226.96288745516
50000.0 68679.21547169703
50000.0 25582.719067503822
50000.0 42504.68532605182
50000.0 65205.662643980235
50000.0 52120.644000752625
50000.0 2564.840610983987
50000.0 45725.280327116714
50000.0 30929.785524320465
50000.0 98143.25997207592
50000.0 5928.512769775529
50000.0 96646.6154896379
50000.0 55288.6923941867
50000.0 18334.550490609403
50000.0 54348.538298754036
50000.0 51196.147827773275
50000.0 68422.75874475074
50000.0 66503.17334735117
50000.0 85078.18819175361
50000.0 51841.95787806385
50000.0 72493.92685349184
50000.0 41969.49890110315
50000.0 21629.798742697003
50000.0 9488.708474693074
50000.0 75708.04102005491
50000.0 14856.282681347144
50000.0 38451.32934369532
50000.0 19798.77755858115
50000.0 74199.62516500487
50000.0 94906.96108522345
50000.0 15488.865622658466
50000.0 37701.87385263838
50000.0 6225.007491246814
50000.0 39495.88664195036
50000.0 8487.919915034281
50000.0 65394.035743820365
50000.0 32674.484167138362
50000.0 94440.97900370258
50000.0 6918.44401162831
50000.0 52443.553402654594
50000.0 99970.12371589527
50000.0 6952.294483006316
50000.0 31124.688541573807
50000.0 75507.05039740606
50000.0 87820.10044614814
50000.0 60526.14468414672
50000.0 15046.587081188145
50000.0 86564.96245776881
50000.0 53431.99920168008
50000.0 6901.440380545054
50000.0 39805.37333779657
50000.0 77146.84846666134
50000.0 95061.6714033803
50000.0 17323.681803643653
50000.0 3757.938312900844
50000.0 73532.43640618297
50000.0 57535.46233746401
50000.0 22102.89494357367
50000.0 35420.5592224873
50000.0 24813.069596974157
50000.0 26357.005864048777
50000.0 3632.8354543532114
50000.0 14316.901145909887
50000.0 78215.5208858731
50000.0 36516.30340293066
50000.0 20024.19655978147
50000.0 68415.43122137894
50000.0 9902.239545386015
50000.0 22646.170294181276
50000.0 95168.69081443323
50000.0 46617.119529878815
50000.0 27195.83077683836
50000.0 72099.54533723068
50000.0 60271.21954326789
50000.0 2288.2281806573037
50000.0 98465.88475127766
50000.0 81768.76313621069
50000.0 75933.54522574358
50000.0 34516.28462146293
50000.0 89867.9520630305
50000.0 54473.40031450039
50000.0 59238.23281873442
50000.0 36256.11288349507
50000.0 62242.05884188613
50000.0 66658.19202749922
50000.0 52731.124769759874
50000.0 23928.47369494968
50000.0 44295.861216754616
50000.0 98025.89934974245
50000.0 3523.564602052831
50000.0 8556.37401984326
50000.0 929.9657660256311
50000.0 77714.84568734745
50000.0 71138.44726727858
50000.0 80834.43512221634
50000.0 72828.96887534672
50000.0 27608.4424302762
50000.0 49139.26870292785
50000.0 65785.99183123872
50000.0 30370.134084860732
50000.0 25465.013547950475
50000.0 88425.69061264771
50000.0 34018.64834651321
50000.0 62613.06922495778
50000.0 93296.33291679078
50000.0 63590.19817721513
50000.0 25049.515663459555
50000.0 60858.808945656594
50000.0 7208.403082111303
50000.0 27577.72543971363
50000.0 97723.89903967717
50000.0 93397.62968174896
50000.0 330.85029951661625
50000.0 53813.440558979964
50000.0 71741.83273083811
50000.0 81021.30666711413
50000.0 5065.686693763838
50000.0 88082.00388524724
50000.0 17934.86281193033
50000.0 35738.98991941213
50000.0 44354.94815346144
50000.0 20300.139164363107
50000.0 32551.353002126016
50000.0 48809.468229888706
50000.0 65179.006905136026
50000.0 75718.80485034667
50000.0 99773.29741203433
50000.0 66602.20300649018
50000.0 43886.16110026438
50000.0 53015.622980111344
50000.0 92896.05384175068
50000.0 86340.0450227698
50000.0 29680.40801768137
50000.0 20103.182950263767
50000.0 84605.31139731515
50000.0 73393.09299298831
50000.0 98326.2981713095
50000.0 28556.54264684412
50000.0 20703.150123536383
50000.0 37798.17145035821
50000.0 35939.21534186826
50000.0 68012.35465167965
50000.0 78574.21459261051
50000.0 29637.928049716
50000.0 54297.40519662104
50000.0 62000.022139298395
50000.0 48812.11409418651
50000.0 74451.51295899402
50000.0 7556.646973685899
50000.0 3818.5740688760793
50000.0 91839.73270566994
50000.0 87029.16921721442
50000.0 74720.48194498268
50000.0 58224.83121919767
50000.0 3668.8481598389335
50000.0 79686.47775303757
50000.0 66350.51650521651
50000.0 71373.88727822325
50000.0 50743.18407039106
50000.0 44674.51320781938
50000.0 61818.461114199075
50000.0 33322.4373008822
50000.0 80927.27342803933
50000.0 61560.860242305695
50000.0 64734.461363754315
50000.0 78922.26810900864
50000.0 38606.07132508327
50000.0 73817.50509035416
50000.0 37270.57894721363
50000.0 60147.078196207105
50000.0 27438.8265888286
50000.0 19740.378817396253
50000.0 91426.04259418043
50000.0 43848.354675834766
50000.0 30900.80266064732
50000.0 46559.167424235726
50000.0 69412.7688817277
50000.0 15316.213364764431
50000.0 29120.21716145967
50000.0 90595.18377729948
50000.0 36668.18846752429
50000.0 53101.13615214995
50000.0 9404.959154008697
50000.0 68138.4223837281
50000.0 49888.063199540324
50000.0 15122.366461226155
50000.0 96313.6340349322
50000.0 89794.93765422305
50000.0 92625.69711587904
50000.0 60513.069600945324
50000.0 71102.41182416784
50000.0 93872.7094120135
50000.0 15870.004024094831
50000.0 48050.44733118251
50000.0 60877.13005493879
50000.0 63046.11693959744
50000.0 87987.96828844858
50000.0 34878.41181577581
50000.0 83103.21894601235
50000.0 79896.20135597789
50000.0 99734.42018945242
50000.0 80697.4312370414
50000.0 18665.070277224284
50000.0 62008.021265626725
50000.0 98521.0578176182
50000.0 11406.836624540718
50000.0 98415.1203593681
50000.0 86468.36542326685
50000.0 83409.9099691936
50000.0 77104.00553970438
50000.0 74566.78006630135
50000.0 68642.31062516503
50000.0 17786.626299739106
50000.0 24832.999842320747
50000.0 59042.2445714158
50000.0 24179.026964490346
50000.0 58236.34979605996
50000.0 91516.37175929925
50000.0 95288.77311306656
50000.0 76880.93613602086
50000.0 14261.175785075964
50000.0 50388.32785738243
50000.0 26535.979844815007
50000.0 36656.19607210443
50000.0 89596.86837777075
50000.0 38509.39428414818
50000.0 35947.35424243559
50000.0 87117.52504219515
50000.0 52604.11984132971
50000.0 49291.96564547871
50000.0 42495.92948913173
50000.0 54195.61533229977
50000.0 6467.339653317261
50000.0 94294.83787129664
50000.0 124.5919918915539
50000.0 51248.41238555688
50000.0 16518.10107987042
50000.0 71058.00578453892
50000.0 38289.10183167026
50000.0 95028.44495651622
50000.0 48595.39601825473
50000.0 80690.25479765612
50000.0 50249.74066870589
50000.0 74536.27962065545
50000.0 35822.14797907456
50000.0 84095.87829219154
50000.0 81736.84585229421
50000.0 81947.80147243495
50000.0 99921.55877771311
50000.0 51119.019927542075
50000.0 56015.80031643282
50000.0 91815.30667508606
50000.0 5201.773444533786
50000.0 78980.30521037833
50000.0 36382.96709775073
50000.0 55379.92761849493
50000.0 24354.261235840368
50000.0 23732.589876092436
50000.0 5574.506914996035
50000.0 53884.46836465346
50000.0 69329.82942904858
50000.0 35854.07619059359
50000.0 32220.26688692261
50000.0 23234.87681314016
50000.0 23735.83179925739
50000.0 79125.41686653094
50000.0 26877.446349174163
50000.0 1424.8992776630942
50000.0 61537.26419395269
50000.0 71174.67155272956
50000.0 22325.60688192461
50000.0 12187.38534320789
50000.0 76289.42263095618
50000.0 68676.4900539771
50000.0 8796.007166777297
50000.0 70111.4274706729
50000.0 24539.761451445673
50000.0 81153.58292666418
50000.0 75648.66231061218
50000.0 85121.51048843232
50000.0 46194.117084748585
50000.0 29666.579754008148
50000.0 67463.69025646159
50000.0 49945.924588425274
50000.0 95100.4345156022
50000.0 8972.205444936377
50000.0 77771.44809018457
50000.0 26151.705298839144
50000.0 11986.291574402241
50000.0 92257.9245833544
50000.0 31897.34014220762
50000.0 361.225062887971
50000.0 76598.27455872484
50000.0 99979.56853871862
50000.0 73122.23585794847
50000.0 83138.7209176791
50000.0 47047.8760123954
50000.0 57066.741646072405
50000.0 62216.23657484474
50000.0 31189.3033618738
50000.0 59583.551242795744
50000.0 58852.66309241025
50000.0 83714.5398835024
50000.0 34325.40766585157
50000.0 91870.68222003701
50000.0 46277.89214919237
50000.0 50378.16110178487
50000.0 20794.905640934412
50000.0 71831.78626637798
50000.0 13298.964705258875
50000.0 11539.370446054909
50000.0 24909.518764803994
50000.0 81272.5209069832
50000.0 98915.08212174574
50000.0 15642.476475367417
50000.0 85864.35335796914
50000.0 58607.05461812651
50000.0 17329.925324973272
50000.0 37957.21629800307
50000.0 62170.60774117943
50000.0 2042.2215305945679
50000.0 11355.487204104287
50000.0 14867.531783773236
50000.0 22039.29325128048
50000.0 80552.31139028037
50000.0 32918.62262614993
50000.0 65230.12387218966
50000.0 4335.581360630392
50000.0 23608.38179573156
50000.0 36792.646778802016
50000.0 91590.00637841517
50000.0 17000.697753171655
50000.0 57495.71966518433
50000.0 21849.315611349895
50000.0 97121.0805726142
50000.0 40162.14010980719
50000.0 49152.4593047578
50000.0 62659.547016543635
50000.0 73951.12388559547
50000.0 40264.11007702203
50000.0 8291.010110871932
50000.0 48921.94888500685
50000.0 88503.02451923027
50000.0 6412.290859210568
50000.0 42736.95287018917
50000.0 703.0798597234433
50000.0 10018.881889083408
50000.0 18306.754282064354
50000.0 55908.60277631905
50000.0 42209.42807097157
50000.0 88891.5346737198
50000.0 47465.964650328184
50000.0 86537.61847578235
50000.0 91458.90119226309
50000.0 13607.507525889561
50000.0 42658.95986790155
50000.0 2644.321214357337
50000.0 27916.24782009341
50000.0 45735.75928917476
50000.0 83.49734465352698
50000.0 72784.98279222833
50000.0 43533.167655173085
50000.0 22725.724699669325
50000.0 76845.649302359
50000.0 40590.33278709349
50000.0 2505.357021378929
50000.0 28004.84227143014
50000.0 16750.5114791326
50000.0 83903.90801541024
50000.0 37007.67287816965
50000.0 31914.13894519859
50000.0 76303.36549111329
50000.0 55927.81988630341
50000.0 65868.34593181848
50000.0 80239.38350636652
50000.0 85736.00094393373
50000.0 68729.68209646909
50000.0 82553.20042732828
50000.0 3546.1771411936625
50000.0 22861.382199357104
50000.0 21760.43066163149
50000.0 13714.013849790274
50000.0 41856.594333993206
50000.0 82211.9691726
50000.0 56679.25094181321
50000.0 16840.494329931687
50000.0 45587.21725749154
50000.0 72804.63599333428
50000.0 62181.21708583072
50000.0 95367.82655394188
50000.0 84364.27832160072
50000.0 62385.7333885339
50000.0 75605.88961746043
50000.0 32019.465371045288
50000.0 62516.88724074028
50000.0 2622.010546151332
50000.0 4023.003523114954
50000.0 34346.961575827794
50000.0 76403.53196243124
50000.0 55377.80335493223
50000.0 39623.47973557895
50000.0 16758.595970640665
50000.0 75148.07281907766
50000.0 55344.771879908985
50000.0 4530.328071886136
50000.0 4087.3749110870717
50000.0 50908.04710975516
50000.0 77205.11682274172
50000.0 37888.41058361547
50000.0 49505.796325000505
50000.0 97622.3905263226
50000.0 111.55953291578369
50000.0 44507.11038774745
50000.0 66384.2108768655
50000.0 98295.71556316425
50000.0 6862.815150677182
50000.0 31631.55841237374
50000.0 66840.38975798571
50000.0 45713.229007535505
50000.0 8075.916480191525
50000.0 8050.9708442240035
50000.0 67690.0204625786
50000.0 44475.8205753406
50000.0 395.62170211920875
50000.0 60484.38399562481
50000.0 92089.54035225554
50000.0 86928.18188151326
50000.0 44446.82889309959
50000.0 87389.26287154178
50000.0 78223.08035675887
50000.0 72488.72842833653
50000.0 66183.4011557521
50000.0 58483.830776949195
50000.0 67406.8390788676
50000.0 30380.80111493735
50000.0 70734.75462029998
50000.0 3006.8787683796727
50000.0 7102.0392593172055
50000.0 22866.903497766045
50000.0 42427.38222613128
50000.0 60818.43794628822
50000.0 21098.60563701896
50000.0 12996.276652673456
50000.0 51741.330447704226
50000.0 40473.86023345142
50000.0 98519.24763925554
50000.0 53904.79359024211
50000.0 94948.9586240517
50000.0 97300.59874790547
50000.0 79057.65396286744
50000.0 39642.34774798327
50000.0 83059.51900077928
50000.0 75374.14000955895
50000.0 20975.151362197284
50000.0 66482.43791719284
50000.0 44777.10594530439
50000.0 30922.898832495717
50000.0 26603.892555785358
50000.0 38877.55722613037
50000.0 9798.70216841704
50000.0 12878.436387392167
50000.0 47468.01508103664
50000.0 45353.0075050138
50000.0 89874.3440195834
50000.0 87647.9531921913
50000.0 69899.6894499529
50000.0 58608.8062664183
50000.0 77316.77045297594
50000.0 30494.69838297204
50000.0 15828.085055787144
50000.0 39193.16673309741
50000.0 82705.94389217332
50000.0 9519.490742349324
50000.0 24645.670401244945
50000.0 52448.075860148114
50000.0 3955.7502756586982
50000.0 32833.90454195267
50000.0 67721.89346193669
50000.0 43259.1816979284
50000.0 65089.28369277754
50000.0 54320.3644182188
50000.0 79882.02836920251
50000.0 64627.72383301068
50000.0 34945.045456001855
50000.0 43586.21338434937
50000.0 89356.24385195802
50000.0 54583.08538285749
50000.0 61648.54002759641
50000.0 75379.87249078683
50000.0 64480.613058972405
50000.0 88169.26596692584
50000.0 27296.034499233545
50000.0 62715.984120630565
50000.0 72191.24120195917
50000.0 36307.897905516984
50000.0 45097.28130261683
50000.0 25891.71245240708
50000.0 14132.15910275788
50000.0 20386.209542677858
50000.0 94592.55953256116
50000.0 5116.436152594594
50000.0 31360.320805492658
50000.0 55165.64012950739
50000.0 54346.64495610084
50000.0 80202.97734579672
50000.0 88120.70425041541
50000.0 94804.07994767443
50000.0 22392.156669021657
50000.0 60519.75385824414
50000.0 90682.18162680477
50000.0 79162.50953880379
50000.0 18933.819904954875
50000.0 20447.137733732266
50000.0 29904.037090427137
50000.0 81877.92605343471
50000.0 29385.801716805192
50000.0 26180.420161054775
50000.0 18547.342947830348
50000.0 48571.05835597918
50000.0 72534.33217883257
50000.0 96977.58963621184
50000.0 53781.75130989264
50000.0 84259.00102945165
50000.0 46697.77091977685
50000.0 76748.3129261248
50000.0 55133.881819445065
50000.0 52494.892925728585
50000.0 89144.31333865337
50000.0 7257.602142808961
50000.0 50254.15916092787
50000.0 11991.489443342196
50000.0 90290.6164544433
50000.0 90912.55982168122
50000.0 27420.622799549477
50000.0 98998.54240133916
50000.0 61495.43916244562
50000.0 31737.296724399755
50000.0 33730.78750525047
50000.0 58503.56162859205
50000.0 90965.73445699048
50000.0 6592.763712633443
50000.0 13600.001613489909
50000.0 19905.04976294234
50000.0 89269.42694802863
50000.0 85252.61613030729
50000.0 4062.809558335023
50000.0 97519.73946850536
50000.0 62872.59730028997
50000.0 88314.10556381266
50000.0 21765.692509617464
50000.0 17668.93839262621
50000.0 11680.113693340167
50000.0 49818.62832551265
50000.0 17310.97990195053
50000.0 8453.042009757306
50000.0 40284.64679335515
50000.0 90081.2907768281
50000.0 6174.576905684826
50000.0 73646.26851172761
50000.0 4261.614663067326
50000.0 59253.93449434758
50000.0 26636.803603099113
50000.0 77310.26643687989
50000.0 88388.97924712229
50000.0 12438.71941733683
50000.0 92259.45732972976
50000.0 86278.71709227093
50000.0 74857.64112240703
50000.0 34228.80621360886
50000.0 24332.59049272567
50000.0 24112.065014587715
50000.0 90023.18220622632
50000.0 15083.666569810994
50000.0 37238.955759600714
50000.0 36345.251976644024
50000.0 74952.0243312108
50000.0 63461.93098603671
50000.0 26538.532071753074
50000.0 78201.87921966414
50000.0 81938.47950305426
50000.0 53964.28177360313
50000.0 20496.79244037178
50000.0 65554.9489836205
50000.0 63081.94762347356
50000.0 3419.8907619285233
50000.0 43330.93612949669
50000.0 51009.13913320906
50000.0 81065.00655542154
50000.0 79136.78558308962
50000.0 54523.20491246876
50000.0 31785.83277334682
50000.0 61756.765076652206
50000.0 45690.78897370441
50000.0 63578.539021726465
50000.0 29610.01533370734
50000.0 79224.79551681696
50000.0 18586.34578441116
50000.0 59600.85882127874
50000.0 25037.763335863838
50000.0 51255.46783407664
50000.0 8841.797631894755
50000.0 88576.52646065295
50000.0 6610.731555393701
50000.0 29835.794346002564
50000.0 93393.95696965136
50000.0 46019.408748490474
50000.0 64202.63808099396
50000.0 5894.161683462984
50000.0 84111.29258144456
50000.0 28464.52659579286
50000.0 25356.56617333216
50000.0 45360.07204231297
50000.0 37053.01954075146
50000.0 84187.9709843924
50000.0 13264.60060065755
50000.0 373.3820054953152
50000.0 98700.13250670997
50000.0 91816.98143199558
50000.0 36262.58794061246
50000.0 56550.18166722688
50000.0 60691.2676342516
50000.0 8582.633723448997
50000.0 34902.31032380029
50000.0 4436.46912416783
50000.0 93516.58777946206
50000.0 67650.54521406945
50000.0 63933.73768107566
50000.0 76739.24980712484
50000.0 84369.21432165564
50000.0 59240.57230411567
50000.0 99548.77234862512
50000.0 53602.70456362374
50000.0 92344.3062848322
50000.0 53334.160818392265
50000.0 52568.643949203375
50000.0 1558.1343671608129
50000.0 68220.23995416242
50000.0 74707.37311455062
50000.0 61506.33675029704
50000.0 71798.59292657525
50000.0 79707.95137566398
50000.0 20894.04078302697
50000.0 61243.69683991556
50000.0 30803.161662684997
50000.0 78004.50735960821
50000.0 20874.507838465728
50000.0 49691.39789003848
50000.0 98995.8841621433
50000.0 19301.21846167544
50000.0 97876.90417595292
50000.0 21558.81760936388
50000.0 66751.9234841223
50000.0 26101.54543454859
50000.0 19493.912253944047
50000.0 41510.302505279426
50000.0 99343.24074250266
50000.0 88478.56897634405
50000.0 73721.42108656101
50000.0 71633.71968603511
50000.0 76935.62449788506
50000.0 70186.68930481137
50000.0 63209.817935391555
50000.0 14145.781658277934
50000.0 26862.445159226045
50000.0 14559.884651491795
50000.0 56931.84631779704
50000.0 52454.789779114755
50000.0 16752.080236077625
50000.0 40239.2575398351
50000.0 82894.71347551493
50000.0 52476.71776459093
50000.0 2337.92365664518
50000.0 48336.59047401225
50000.0 90064.54990044277
50000.0 75955.6711852242
50000.0 43382.4984729467
50000.0 78031.09922296622
50000.0 29025.97174432957
50000.0 81019.15946757182
50000.0 78631.5846816506
50000.0 16291.930778504971
50000.0 48473.47076472037
50000.0 6715.027697097098
50000.0 13083.910577194512
50000.0 67442.52774672194
50000.0 5628.190700139823
50000.0 39183.34220480818
50000.0 47531.685991081584
50000.0 13967.095647438942
50000.0 86890.79502109719
50000.0 85840.57632337145
50000.0 51148.80205719136
50000.0 79096.72813523843
50000.0 73313.86659137461
50000.0 75887.38799126272
50000.0 30183.926198602894
50000.0 38659.02437433111
50000.0 94668.93165288559
50000.0 20379.58470948026
50000.0 15761.587134750787
50000.0 15903.314561322968
50000.0 57330.533482175895
50000.0 11992.351465494577
50000.0 11766.419845241871
50000.0 87760.04377593879
50000.0 99214.65258853619
50000.0 54034.16413752506
50000.0 81264.47558854373
50000.0 57671.818658913035
50000.0 26768.415619585427
50000.0 51304.43107367473
50000.0 79645.34004981974
50000.0 9565.198200036617
50000.0 97438.76988318349
50000.0 77707.10293856538
50000.0 93036.63375324266
50000.0 25401.236090410817
50000.0 74463.9387581797
50000.0 1208.3132520945283
50000.0 9756.824230324823
50000.0 71068.49554736073
50000.0 59162.362303364636
50000.0 17113.02999134542
50000.0 75391.30640373386
50000.0 23149.147071900832
50000.0 10762.961303687913
50000.0 8134.928695595844
50000.0 18562.27852310792
50000.0 39732.120130237294
50000.0 19788.570470025745
50000.0 23295.52579707622
50000.0 64372.6352506334
50000.0 8683.614993261202
50000.0 99202.0530845451
50000.0 64883.926870061005
50000.0 22811.414555232
50000.0 2730.3328027528773
50000.0 99549.50339515526
50000.0 68562.715907308
50000.0 1399.721236830731
50000.0 27113.968097870566
50000.0 43448.02075514897
50000.0 65861.96662371779
50000.0 11886.30640191587
50000.0 87422.40005582712
50000.0 7132.233704674817
50000.0 87724.49835602149
50000.0 54572.29982029539
50000.0 71677.34575011494
50000.0 76767.61087107428
50000.0 68320.7596963516
50000.0 67463.45010188842
50000.0 89792.4067481773
50000.0 95781.73690594347
50000.0 67112.2721416866
50000.0 42548.88600890575
50000.0 99480.40132981639
50000.0 7085.861748576394
50000.0 32846.63590550064
50000.0 26363.907132814744
50000.0 57858.51799657838
50000.0 50158.95178036529
50000.0 70711.00044659109
50000.0 55589.19456554681
50000.0 45335.381666449815
50000.0 35436.63595722576
50000.0 17264.322112753638
50000.0 78348.19608385977
50000.0 5291.738432316917
50000.0 45514.683126982716
50000.0 62591.02029886695
50000.0 17135.249515827167
50000.0 24908.27081649587
50000.0 40867.9780274664
50000.0 83093.56649138784
50000.0 35344.020542720034
50000.0 97917.04029308604
50000.0 91481.65097154256
50000.0 88999.21969025549
50000.0 85578.58429672285
50000.0 69422.77083472848
50000.0 58209.439794295926
50000.0 94470.89155651256
50000.0 2469.8083263832714
50000.0 83925.13680996666
50000.0 97372.4816933838
50000.0 97822.87613306136
50000.0 34895.06016476619
50000.0 19023.810481163116
50000.0 52976.94101816709
50000.0 2466.882979013918
50000.0 58273.09406505398
50000.0 82907.9233340872
50000.0 40390.00368402744
50000.0 33664.83359267176
50000.0 52479.908825460174
50000.0 37399.83072435118
50000.0 18063.406817143357
50000.0 61954.11941033456
50000.0 60055.22610901609
50000.0 34786.63264719806
50000.0 56820.75047432292
50000.0 35240.15330926833
50000.0 35226.812761917456
50000.0 74708.77889577116
50000.0 88737.19268354037
50000.0 91963.77107733324
50000.0 41451.28851566301
