1002
40197.12366826144 21430.86795439205
76915.17740506899 37651.324241094466
56996.67460448811 89109.27776522927
58253.073284033504 9568.278040531153
87456.90154990356 65008.89624464262
57944.62868825143 40826.91705440198
27204.70776789735 14739.763518952775
51023.92634662588 3893.153953477313
25271.682851435195 30826.296260887022
34860.80618410984 71584.86370376684
87660.7504960989 15801.310562238614
54590.25500810224 12143.400040448349
619.4034665235604 68160.97935072216
72569.15309646376 39113.52583917152
37527.566784818264 34800.71656902572
49812.300891862506 77583.27038945559
27221.661467309455 78837.6460888925
62559.81791566256 49224.6182143384
54502.89117413365 22394.694104148104
34808.668479580476 2411.2445220754507
76365.90372739985 209.92209655157356
64750.6130601037 76353.5700332077
9041.647444140755 73248.01804598076
75029.09646790623 81922.0765427326
73445.8382818161 70899.41305806044
47199.752874777136 69747.7467095293
57670.42557109696 60480.07035554167
60129.648248762016 31948.74449938162
19005.266689652188 91928.63869862955
53779.56154337935 52983.87045357766
63678.891144700734 62932.539962595125
70059.08208521521 84787.53062391245
22309.1252858695 93447.31606950042
79209.93994305753 15911.530468649626
43147.4688418383 59470.54384054206
30708.341934172124 83411.73148893005
5754.215628824278 83853.05997246622
4571.854543857956 27815.96083038993
7889.026020029888 85140.3984651348
66277.06841467929 54622.312859432954
1383.6613201992366 54215.08217284563
58891.026771784505 53436.536622526575
5782.261097945329 70016.65063298002
35735.34762987751 76979.9091004985
5010.718305050455 59247.806870120454
18715.60058588977 37726.9305622645
68547.03792369072 18792.49572903018
6511.350365751378 43862.249626333505
49558.72598719685 40931.18144692281
85047.41212031066 93383.68542416782
53421.45615588146 80276.08502505498
59435.69769584465 92163.46957468383
26370.868161145532 69812.27881378747
87205.7160448586 94630.80099208739
49243.03218914773 46291.25897802101
28757.51738717267 54143.69487549452
12597.04917849479 14822.695052656354
53859.34555458548 60613.23935983234
49392.07279523813 35143.54926679355
8742.392632077866 67317.99425398176
29020.907222628677 48181.84704229438
5567.575523276469 29576.786362084695
62102.59105692114 40909.84649424396
32846.76760626455 47748.129869426724
42623.60229085669 18707.76638130851
20536.905475722866 85210.75876936573
16061.03486268846 19013.440147636484
71379.96289955881 80785.45724136528
13575.899473438447 64759.151522273176
39216.82262012275 25795.735560210287
17248.97971738698 74607.56908600818
70646.13836083715 16328.581228589701
38547.49273310325 31449.004221256793
28152.323409626835 14149.662507605077
61992.358386613465 24444.35186580525
99923.7743076531 42182.95973395443
14845.584724102146 58342.710585064975
35468.55605753447 86077.91834259892
14757.432055666131 86876.67582143443
72732.1418691795 73343.47364354314
33052.790059309824 58735.844476687584
690.0184679784593 34769.567760793056
30974.804921407485 46770.20277203677
96579.92691458647 65842.22688387409
10005.104105636508 88383.9943382889
19097.37039749083 76803.72070507094
18918.489864232524 78665.4851478679
49186.81444308956 79484.57257284707
681.1865795510963 34642.36170415469
97424.93625339204 74427.42721555183
48990.84987832393 57601.816313620715
60247.119749124475 53530.25288712609
54170.281758532634 68457.1197039492
61265.032643384286 81602.1861874457
75578.07023796481 39063.96937412335
78365.04013819569 40676.33715673305
67225.31518405059 31232.467157702304
15864.449232196932 48778.556011489796
34757.51613218625 67825.09762919175
57753.17252925195 52103.79454148467
52308.609140748486 94742.81368021133
70625.28420784904 38645.1532310385
39935.5934354113 3122.8253645412483
84399.87103693026 82511.42287764899
58815.64030797537 92331.91482178943
99789.69727453277 83883.98632859309
7006.820456753005 75719.06122220488
77857.67109194814 16480.47346132425
70258.20929542553 55100.72753976225
79765.71154416952 76746.45977705292
50000.42229815502 37892.44935755407
3130.94418018538 19885.631692354298
86888.40818217993 2488.5466145830537
9136.424983779212 64034.84718280821
18642.568229150624 7030.0472724506235
74897.28007695089 77197.21388966775
86691.37685447696 20824.15240542079
45908.682913921824 44818.926310193296
86049.57492109183 17524.132245282464
94173.73938571615 18407.383128273512
81585.09082513904 88605.53622949519
96641.9840362482 23700.435685357246
85177.0877683347 99075.11252317688
43895.37971998862 17972.458950832683
45522.26962648201 42517.35997459311
71220.83710184602 38293.583973284985
32758.07196897875 17487.85085999929
53955.7936102598 18136.638869086597
32334.70450603734 86153.00589209705
80095.00922719859 21463.368266129335
82952.79180339062 97415.05197001954
51463.99924717394 24275.35069310427
81464.36197405135 72551.83186154722
3282.9180441968806 32952.98290235062
50529.36209694071 31819.96622251344
83932.16543878488 26706.052645778356
69906.00857606155 21556.190519246098
16380.190775094472 80732.20822767318
54765.53582584181 51321.07370789691
88299.83928925569 61332.085945691484
72735.20910721656 38697.25410555708
36277.22389977356 69921.30855886878
40972.90222056378 33326.24278230494
6604.111791157064 71905.42894276245
50312.75899214932 52167.76540088531
73153.39592959538 92773.54971628911
62525.42233524304 58064.50019361986
34341.15341690092 14257.633511931477
46621.68039152086 8515.002269466377
36571.281334289386 66026.37445168204
94058.70267802084 44481.53009408513
27907.138502979255 6752.814167356036
24880.02140751717 70170.5983299055
66419.14858715687 62078.258713216426
27116.124562768397 71897.52469098647
77501.32263710056 47831.89896312064
56425.267623242646 85530.95346732656
30804.672194920502 67171.55716313334
63293.77197922974 49735.25365566407
21949.27149774809 98071.8548116702
21295.51787763877 35273.93981097559
26753.89196917156 64083.9090613434
76814.16141705414 22234.134168247056
34981.9197220711 22782.679654303938
8471.894985004914 80826.78311686449
75818.73760103926 48992.18875449821
82590.71129785584 75179.23474634104
91877.85271395295 99049.52461587309
9285.254982383283 92717.39908666449
70501.12400362488 42116.33412085517
67336.22565385354 7171.013844843254
8930.288860064094 37296.47691631254
60190.694376619 77818.11894110186
39728.99093626856 43140.149203207315
16333.595061414419 15386.952551604327
35217.64677169873 14122.355519598284
8063.0663483255985 81984.82063892549
46398.48661710882 48944.79749214264
79049.47762182617 26681.528046669944
44318.958916173215 42908.344030608736
5439.104086146484 57563.32278059354
36735.06188675782 98234.7755058921
42839.40704712914 81439.85854324064
44086.97038437981 30300.599015843665
24605.090904229022 44596.384213218385
27349.666618347135 79305.6568801482
78962.63264234831 13456.905734692193
11431.749627562416 22571.7938193851
89523.42685126347 20457.434715274503
52660.1910580543 29931.732027733648
96808.44293725288 46484.845539410315
17847.49134712309 94042.6591693108
37754.71714674919 34510.12122642615
78442.00751758006 79971.48365425646
83026.72028619895 9929.005307657668
64141.242184803785 4018.046840484402
7702.538258401825 69717.33341476195
14007.564208419431 69888.06141558214
97401.03887058438 73709.41340352836
19869.42336380414 19285.53854717221
47665.98279574338 94165.42430019229
519.4514393553673 92870.29264485007
78831.26182820945 57757.69589039924
94046.11117982959 75025.78103063907
17257.329906119467 78320.36974421755
59304.17117042609 89165.7930126132
79052.76556623822 70523.63638621496
39674.47384964849 69118.95038928564
75772.13086145135 22989.088307211547
3052.3499884574367 26998.993190378063
68768.25178963607 88796.5465303681
41712.17386165037 67019.52007227087
17227.44709895734 68625.15657377017
61252.54843657384 75062.91733881494
2889.375731004007 91930.9395708867
8540.943629074281 20112.514606841592
44343.19997348415 67364.92663094342
53384.885247701364 76612.55961699566
45671.66321502346 33288.079354544476
39052.456246820024 16006.05784140272
84998.88024835478 80068.64987850066
28912.644525917975 42314.45166027086
40607.359213532334 73110.10744826004
54882.747752581665 42663.033291433916
27972.599520946194 53883.666732819234
69126.14595846488 6254.078635160509
5218.847042033936 94193.4154321745
7377.28100112085 37686.129539195776
68118.0237028113 25642.12354618882
98393.92704709928 48688.157066309446
35475.90923047056 41624.80319806342
6079.374119033998 78775.21940377356
51097.365897134194 88130.37945888369
51735.28042902276 17009.72017769955
34079.38075443921 39077.599092422475
65630.08752841744 18767.10680696013
61167.41458206428 36917.40773268565
64118.18574037385 48960.225373919384
77523.62838918174 26006.525194909656
1396.2655824529825 60129.844636775
9932.201405707996 99371.92078909547
79257.12709665092 33934.115487767216
66910.57456310908 45750.460055047726
90272.13290750711 12534.45467840486
65884.43323992676 9541.799740447277
61779.27123383256 88929.20624487869
92075.37659029246 24880.152426554647
36925.75148566835 18306.75279591858
35115.30971301576 70654.15287673977
59216.91887739003 19109.28604201303
17532.067806180563 75187.4155768158
97990.00509277832 14790.198399015586
52822.93449539903 29948.265687263975
67713.93701733513 33822.678483218086
89661.34690855646 65862.95691141573
10560.472326824976 32093.533940810103
81451.73606618156 78433.07482544777
28543.102575102443 54117.8596571947
88601.86347551236 54517.568580704086
96602.49457648357 83371.59752967754
79092.14599196904 19898.71663512174
99263.70225470072 38381.95674201094
91608.77721699189 60330.47059593646
72968.79099050204 1701.2011877166278
13234.200909391724 76851.87167837108
57540.079346740815 49946.97421610176
99380.26421520581 52489.303803252704
71401.90181473785 52745.71170872119
62453.822002419554 9176.464764777904
8794.379200614932 34778.72438864357
88076.11771056402 58615.74386362612
66285.24020752459 42183.94553553828
45974.82263417712 53158.94312472852
66738.48332547057 16650.14485123463
24666.78502915385 71653.07256718948
42677.01809823851 40250.739227729006
94976.62489554766 26076.71704329001
32956.04788115949 92115.49773951097
4613.301020060312 62828.71853438718
54185.657529374286 42345.800982028835
51673.370572977205 9545.617988506983
71817.00114381837 66412.90669211092
47415.82687989138 47163.85066901711
2018.022650596385 63390.08319442953
74875.57822832535 54452.9387953256
87232.86057076916 40273.361903832636
70665.80543427248 54982.577370403786
79415.91145642994 26536.672232582183
88566.6112608837 35077.711179842874
65741.29825073706 52139.99316599251
75957.54203453346 45740.553113592694
11493.41741038059 2543.3551597341952
2723.4164846059784 51364.087914161515
2195.7098146477615 12248.971694335964
88627.56657300596 79139.51966459962
24534.402775334864 33438.64852359293
33267.17913751797 63616.658779063604
88452.23637535458 83384.10360975997
44185.04333511608 24228.421999366088
74271.93791001783 33796.86878481518
64561.8076284192 8176.427689048782
40734.97684250661 18530.179798158162
22181.62798562091 66904.53769849196
50504.08112385424 5374.051015459724
50728.79235439094 35873.86080474992
64511.42909958184 32706.433484040797
79130.1935708268 27908.180865334696
53331.28528479779 26839.074811465634
1214.3164431495989 55278.61384648547
51759.35541757413 7305.595466991621
19656.22885892091 779.7675544381599
18280.034653016697 93414.01865984588
82118.2945260049 11733.127261940734
99052.850348114 28623.95842907913
81048.44921875634 36243.99091508468
13537.54443274998 73396.4977389796
59712.0271318472 84910.56354428019
54037.84349262228 13013.680710767172
33469.148677481084 46660.49432769804
8402.376261401545 97808.47740361528
14843.988605042357 76462.42158997266
90945.64399684574 39555.642232674014
80977.10066151054 90508.79300087635
77973.09603247733 64361.75068167096
40048.41699497063 18730.653453682422
56586.70232502771 89631.75982203656
26988.954562414703 5946.565563431072
38733.103791986854 18683.472906787647
34504.561209437714 99646.0768102993
84235.66051518076 67472.70964855862
86595.90705979704 59024.107157615166
12811.486820923657 21060.522317789633
672.5657033454735 96203.42622086378
17137.765938171135 11013.927951802483
68672.89229706966 99868.17476119178
42526.95052236327 93855.82863455702
24353.327254244352 11378.814085518152
55340.09122264508 54795.515832468365
60053.87538181442 19774.722515171783
68047.96344216331 26013.827948089962
57544.451423718245 62491.64167493023
63896.88997723022 94111.09420066226
69428.58655994732 15404.338789659567
37965.91633620349 76513.2582140543
75556.91129646463 35350.76635109484
949.7621614591667 68701.87624071784
83716.28228317386 94285.78744345388
56215.56888498269 91715.52935306498
13243.514998283468 21663.958233686888
15585.580395741028 65443.34004946028
68938.71137684515 20309.87296442799
11024.194721159942 96714.0664437081
12353.770558831113 27225.760361764973
7558.881319579214 24924.44658794858
54583.59102325733 3967.2742728018684
97482.4128120432 38376.022805962704
61873.74336493411 89075.04954682621
9229.579055759885 3253.331726195008
26622.61896758271 74758.0205977291
76303.19132501159 83054.28022454701
76989.98426913431 80719.25450427787
18411.611462934907 8626.894414672426
7349.338700465669 66758.91247659967
72240.557613334 40308.05956247283
62384.60052553692 48721.749223750296
61808.43444771513 7396.105718167912
44294.98247877709 95817.44491222697
30235.487357307655 2088.010077687974
8911.945621269102 82798.86099048493
34614.59316357317 51754.52844303175
49372.38905881697 27902.74121574561
13051.95125717421 69275.07236696655
25048.613657523234 41443.55677621457
69844.42746551234 2659.3587764817685
87396.27695925924 19989.892398959353
24323.868078061227 30557.858100083125
54493.25385975887 11515.78521243195
76685.14599707015 82904.4335341743
43869.37049379481 44624.64821508663
56907.5134316126 85626.30654598035
51674.061167807384 40181.839830613695
89513.75213737122 19550.436353113142
23089.72329234941 55574.332805361206
99494.14533745874 24900.362972855073
26367.571693820402 54718.81110340795
97772.78332562452 47825.6390555602
2034.287058175277 99625.29156543207
34398.80156199771 53612.05577722799
12573.223043711745 376.0108589715982
56457.5461290813 19715.606810409627
63641.92045617664 33605.168809748706
22529.542684617045 85750.04389971634
26247.5708693773 81989.77259363125
87278.9956695695 93589.05812041403
41244.996851026415 92358.41834161751
36646.88160635726 39448.29753580121
98895.96249474243 43986.491826730766
83262.43696531291 11617.717719086784
68136.74575420396 28194.87987528122
78490.43244712046 53032.10694944748
9372.409055185837 49657.76094036425
68279.44790491668 86616.10781863549
72915.02379369574 89394.08239402187
30094.886067549454 84352.16499664717
88987.63949171442 32651.413559696684
58401.65902942271 80294.43283747301
17706.977331873495 89678.7311253329
72569.48188447594 20357.778236860348
5999.691456144085 27309.302373899936
7324.938945345183 57910.53334014797
17609.492752788614 34963.16361123588
9774.100650326256 40725.97112287205
66489.14836837091 31144.443126768518
21764.181785300963 33147.445083859995
28590.766773009214 31392.310095929908
9822.86864024775 78018.61183297585
20217.64493932714 10076.489179111513
20795.680657120054 73556.83407126387
18435.056477071787 16777.283795821062
8566.400415101794 40648.61682431008
61918.97500375261 56767.1944422223
81153.23253885249 44233.852011293886
79578.2747591214 27356.402363772293
73328.67468666485 78863.32906697047
44528.08326788513 40822.93377379067
31711.622718228384 64562.97536259364
99627.77341201187 82741.8933619193
12173.083980931033 46546.97727593934
1517.91710650091 88354.77111211454
29922.456748947836 24007.336855551886
71024.85270673003 48781.93871008604
28981.283007770777 9812.375700077448
44845.314714699656 59628.97950586763
24694.686581727277 44485.10665171912
93443.75936622178 21175.40256516044
33640.878044236 43767.198929835235
52996.59840760539 87656.6078169516
10600.514238481806 98383.47765392957
29595.875003139372 87028.39246677945
94205.09740468765 76943.8880722684
72683.3807643843 9181.56578616225
1267.184426204271 3686.6780148572143
72724.00679115271 71493.0508195802
50680.83979980578 85403.4081074101
74216.80663655857 80886.25041827529
56133.77633578252 49905.3035989596
60101.35799374743 26671.346884060164
8995.567418086337 47834.58811893154
86552.20307656763 54746.59533412634
82347.43636564996 95525.11221343724
90185.07416130832 54684.447536783
47512.89956321405 22573.07109118246
67964.96666654374 88743.34365323509
64797.85494462319 7871.9238734216715
97297.14582785353 99726.47071671607
13861.380606960494 61230.90192693355
98131.11321981133 5805.10838941759
81134.39349757756 30911.82825079002
44744.4175694742 53249.279328062374
83505.72978480306 55060.91416247745
90371.95163881154 19622.872306115158
81987.26915157208 63807.61719513072
91830.9577612814 90961.90411710364
52170.70111893464 23514.562857111454
93910.85356847128 51645.5892559967
26502.33860293668 95394.01749960838
33469.190740730824 66263.89975133454
70225.70892482607 199.46330871201124
57519.45278805405 42792.09081613834
25049.5067031666 42623.75179847182
73407.95245380029 64041.47106697623
43932.37019952693 82844.61953402733
36524.61781983937 20112.057961289065
79376.14430048499 38658.40674762283
45467.47651097886 90026.72645506932
50403.443173848595 20686.22354783698
68234.57066596042 1052.9306663265902
37009.32479204374 49351.64552259702
33274.62865566852 4883.798159083863
84728.10058545193 35249.31661817614
44234.55120457628 30012.27379933107
82636.39048991556 26825.069894186683
62321.74994578564 29769.82878725726
6211.591626662383 56766.36721930559
35524.27332225767 99031.77899326204
36662.57652534797 72047.377323212
35010.239679577724 77066.67885599806
12634.685628355059 75353.01098322342
81466.36877948046 57687.96369532413
42298.061194676215 92301.21689514889
91382.63563360284 54732.608777091504
11263.00349822339 79575.21234805317
21713.34486127148 51430.701482419696
88361.90927458658 65619.68906202454
56284.28890034935 41226.57404852895
51822.852494408064 2674.60442569859
45223.198194427736 67165.4924750099
24651.73513041954 34413.415799617775
76051.06324980732 22755.97504303326
69448.62142050177 73371.5215122561
84551.78729315501 85358.42890141952
56191.96846563228 13951.795784750753
59003.88573615265 19867.863538360143
69891.50402414263 98360.3933226121
86650.76186084603 34319.02781185861
26541.996857219143 57665.8313792137
32324.54553874664 39900.96731525387
84002.80718719047 55213.335047089575
18508.9550346608 86094.17526137987
38478.06469032501 93869.09918034877
5009.8377489212535 37357.469370721075
42148.83529261394 68486.83640411105
75298.27589316343 78489.9456001061
34838.810686670855 11480.645578436011
74069.6493683736 10378.262628376444
56053.17527480919 3795.7201839446843
22725.962149687173 19904.42016260481
97941.1629480118 49602.208063615784
9201.633462334712 68124.87811918622
94641.77305548378 24214.82276619671
33812.20182854643 81716.48046781607
76299.41710846261 21754.91298946818
19429.958862350217 86.571349835185
20094.59177753934 6284.436093622159
5074.584060611287 45210.04137413915
86735.67221566201 60980.90643821047
63368.293405895194 33472.47204330278
4585.17316491478 7894.5493343714925
82918.52320831643 92678.73555456355
26736.954444135765 12304.71065438834
71936.32644476647 21741.415801023024
43737.618195701514 22537.155075075123
10007.190061744775 65294.97933630167
60833.359281504185 10723.201075009281
1765.9160580809184 28334.885622647642
2754.9535259754675 10180.715453824063
43727.157420967174 68659.33491173659
14976.50323561076 34475.99750672546
58713.079910699525 67020.20853336022
20065.120658063417 80271.52506429002
72368.79233520475 92714.9704845048
98799.00469088904 89414.0583910578
68349.41032081572 24196.897565332696
59198.558143885035 56683.413841161244
15895.439720217908 67651.81396043694
75526.83436128432 5206.449266135615
81855.96361147554 57516.91060737374
89919.89939529516 83496.79776566918
64001.057855597646 27931.092134969073
91270.07521743268 15253.130018354832
90704.11770454045 22965.833123017364
69925.65451379046 16177.948089003346
96291.58752666555 19881.60568527497
94119.92139552686 40125.363775122605
87968.08428021069 38282.93434589547
62371.220618022264 22063.52255167243
40255.75912578526 4903.628440836494
63091.355901044735 62404.701535941844
27538.497958680262 19445.8844291034
80266.10438072766 59414.33371878446
79599.02889453211 26042.735572411868
83436.36855619273 77578.28089359842
42203.415649820905 88698.97014537141
1706.881906419677 23012.560776750324
90247.81015926079 13434.774875622401
35696.999770169714 70107.83755622627
74045.53529217765 8270.587540195273
52255.47884869777 35680.51312427508
51995.98589773287 19224.143540648132
7073.318487479197 8141.735506937198
46970.405432969186 32158.364172231013
44717.74361724406 9138.973766320147
70830.56467294699 29901.102603111696
3005.5344016445274 79333.96152624796
47463.69032495268 73789.77772900357
59358.34851612716 50138.19936648053
51230.55938552073 18601.5851459436
26297.5361351533 96328.0724650517
4417.076621657934 81852.09497579321
81287.70289982694 80510.8922315856
74862.78700530484 13631.045468384362
37848.02541295891 35971.69519504607
82311.68930721408 94325.59893704852
5196.823699869524 41635.54987134726
70341.84722631167 73330.10235648182
25928.228938620534 73967.10954001725
46165.09730050033 12720.324072284251
72347.49055514159 7604.464078104623
11628.997743821623 50747.928755956586
55269.07061758109 92794.71553342526
78296.99206184129 68451.1155988457
29895.013145661796 70476.33836332729
89154.43144813638 53348.58180447359
31065.622542779238 50209.006540823655
55979.07702467346 21644.294196280243
73880.68020386464 53694.53196539503
12427.878250356616 43616.82922295265
58163.84344652964 47033.49960602438
56154.97421689902 73191.47391609667
6191.79507885681 98713.15196190978
44001.654824768186 50538.237255667875
82931.56303965232 14428.39488603781
2469.903340528823 63454.869357841606
58047.764891979015 43048.15641471341
47047.49349783326 77365.6436089779
2296.181431428246 81002.20368981351
74351.72869890212 14212.438908105685
54296.98619194025 82505.97789264836
2701.570977578616 7112.073371730187
67438.59589154144 21230.162822381328
42139.406789022774 92485.49488258318
65390.184281769514 45762.195509245415
93430.46511790402 32318.316361889465
57856.31851006481 36190.51468253698
46645.65402722632 93586.64404568223
48641.35856546554 82035.40023098238
22628.02989441174 83687.24298037575
34423.87250241487 94439.7401914807
22369.26993665903 88422.31196005273
1268.1944338552187 17818.115948638224
1768.428679177203 39376.04939453333
12007.197073087427 82375.84028450037
69755.49991385879 74270.66808002134
97817.90382283312 8111.40472118358
22660.97832386439 76719.38052144149
66696.3879527537 366.2108204815828
56074.24641541847 70125.43401072302
95531.09926237627 82682.61731070692
36750.20420655227 32774.99376961447
69173.43141908199 24757.241196538016
655.4020791990189 96972.3451458887
84119.93479737567 76307.34023791876
77516.22656718933 76501.70069786321
35850.807679566286 64666.43280838881
6149.628342222891 17151.948690670128
81098.16018180325 6595.233554008772
40895.34249510095 33874.68099909019
56706.13896749268 87383.4270844909
82998.9324839428 56660.63843613316
84789.61813541179 2671.462976289862
20271.34076373457 29296.158531685156
15754.897068481478 77453.55719341434
93020.60933517713 1384.1192677544022
31604.822249874243 73447.11450337259
90308.31538072471 20293.307387247605
95137.52282365665 48942.32502745572
43922.295626041116 45490.58663489639
24876.971866665586 76206.9502403012
50288.38282459015 97215.60975804894
96047.2594081203 18196.715963607567
91891.3916831396 77205.4462591886
9068.294990151117 38744.51972382551
1087.9938808867284 56458.690606700315
77045.22280097925 69114.24741460294
72967.0298544173 74592.83512292556
24781.726565713867 9746.09503012277
78646.15885549835 16827.683190499563
24647.456993866555 42222.19562885509
73153.73976473037 3630.3661972920677
8722.542072096374 16476.661716256913
67675.31645598893 81985.80094713683
15835.944665944391 24160.610512151205
46334.662467348055 85465.50857861995
65365.28253242702 95576.1174477985
93990.68708461591 61118.08028071912
98481.39564975702 21111.146178758445
59138.50178334092 16200.812697961775
81410.42166675859 49955.861493999575
60265.96168951198 52862.03845078633
80611.0069630251 36306.92985623987
85628.27750331233 85089.20885480593
4611.495238113128 99085.68394597764
30007.338323839096 9494.044719597849
24392.86230958421 48841.74929166941
29400.808994658546 28498.244676754413
61957.92855920918 20730.58230606366
55656.523236874644 14771.596605543824
3104.4563126589987 73020.31140570881
41474.488443231436 10422.817206017377
93653.2962063684 31571.13939046454
45375.33713594666 5941.901567377606
52161.0719710876 61938.68030968782
37736.70205696309 59644.38150332773
22990.43631074155 64668.78332535143
55310.321600711264 94359.32472348417
853.925288941959 21514.12532611634
79919.64608983457 18600.531736321613
24586.434535834713 38220.806964643016
79170.91055642146 94133.39015798032
89491.06750605877 71889.71611655495
99926.51482989671 27777.776847458303
20797.54833973041 99623.81262644257
76698.28515335487 31553.167415245996
5145.6909252141195 17658.074008039825
80270.93081037802 95163.27618663391
33197.05787528886 22664.116866391458
74858.59426648746 75887.65162565594
26118.515377897 81671.87538649334
98651.27342603797 18211.976456623015
2947.5427632620676 36231.80968848111
97906.55205470957 19990.54999574592
69385.0482372178 75070.99425781326
30800.75232196454 61343.081050403234
59972.74876303002 87893.78020066861
86569.92208120004 28473.563254897705
91559.12479692968 92519.27497066146
46928.299602978055 73895.86436912601
60025.03318102139 44490.84630627912
25762.84741999002 88219.25843912935
85585.92333853069 93325.85079949102
66853.59309610445 69009.91746079137
33874.97464089041 34729.19184753057
16266.417121558352 33186.15220265632
82140.120716499 98599.1262647881
46760.60502210599 84451.16176525003
60878.631275348474 73234.86418466922
30097.854735450102 5567.273283601293
28306.795469870394 4154.389987803842
94909.64154826572 62033.73247651885
37016.318823542635 81956.5643033357
93011.42749185271 21238.280529789154
75561.96638330678 15321.26438764777
88115.02954734948 65521.888784715855
97885.594205986 31003.11818794279
47967.587332283125 47382.960658895834
1759.4978211632028 34022.830991940726
58393.51816083881 12323.326892449526
28621.080505495233 9478.43121009937
23421.32923412622 3707.0789218873633
54991.45948965475 21390.839954013652
14073.01816529981 82515.60670401166
43315.47594237187 53572.9410915451
56910.7163140541 83249.66766793787
25438.412459085437 15140.144028019009
10737.428284300688 25232.194234598603
13931.823551502786 30398.124523838254
86176.23283416049 44076.36071841706
32063.734160247594 93730.093450701
80007.52957220835 41008.22992703273
28147.417065662772 45987.75316320114
19955.19632316657 76908.39257156907
66850.87183807422 39585.77224684265
24384.763823324553 17205.728025362976
99715.4150592872 69674.01092950774
77393.77378465048 12434.952602141348
55027.701720822675 28354.839240161768
70756.31363292506 71813.43530762156
481.68004665268825 5901.513558683302
45417.8604544847 31318.34196101594
616.7321753492772 60132.797328855806
13276.195124276968 37965.84809792578
94238.86545131188 99208.61851787192
83709.4701483651 78524.33763965023
79786.67018598814 92599.3174196389
44702.45050703734 74017.42703392883
51026.684519711205 63684.144201509276
96746.18568566312 24745.14973616958
64812.689929616594 53234.39016081505
41408.79081929258 71313.1798661857
79129.90833848792 18022.637435997458
60303.80629861053 6917.719079523621
60723.03234444798 86561.7681873338
87435.96536317542 26209.9834170052
42098.605277826595 55525.22852679113
97956.696745809 76076.85577361305
49792.69414253271 29547.375939161513
36984.333711794694 3406.011259786801
96592.16693779033 65430.75475008827
24100.293516593683 40598.13063106269
53313.08885277417 51896.14672482181
44115.28888576294 83017.7533707704
21900.636838639097 20188.721788154984
5215.443525782759 8536.050134325256
40911.263964915954 72191.95140223985
43279.52145754017 65675.2592788851
51850.04400894714 31248.829507918097
28866.371262872202 51549.86063197787
98057.25136398773 89191.67740193561
43983.12621156375 30050.64254318367
42474.05118390584 85728.69403493828
92003.0981244956 61019.4257436127
81469.41601348382 40382.27550506399
89232.15591091907 64840.72950065538
44936.76026768068 40395.47476668849
44958.54958161104 44860.63428501522
5298.558331550751 82030.5237421421
65450.47429911812 30464.5599080841
41542.15135021793 36404.20473408273
33650.59694068711 27841.32684389434
65586.5923244545 35332.98766616173
28120.07509345318 7349.133602030455
67092.7698578584 60874.12339493859
84260.48186287019 17014.357521494738
61671.4832287993 70179.00959583464
64183.49270467094 95282.29834364909
33365.017338945436 99714.80392186032
71470.36218578678 85887.08277670718
81767.25469943699 58855.6726012171
34047.13911516658 85506.53825067132
43564.10435597396 42133.1524965168
30058.035059619426 9207.030795870607
25451.776378555325 47892.29410890112
7612.022047897571 19662.383708071895
50123.19743973309 80804.15090335012
82544.1576753159 33802.19713811021
92615.6696763402 94514.70517540652
67063.1606346597 75124.52181011967
89420.26176682672 97416.06606499502
52979.315712715914 22411.679339952894
35303.74107415606 20686.03666910769
88749.17369627867 70042.20754676579
33418.23238695502 54795.83353235702
24195.735162708377 18738.689405721932
22397.908030156 46988.85522618117
23842.471704791624 60162.34749453787
91272.83945541015 76043.30632450365
10712.667194165682 6106.908195288219
14717.134522814556 30500.15643149282
2548.899756511458 59731.16955462514
63255.03622367342 42664.70186195762
10408.65584665569 57338.22514124749
72510.35448136619 76395.51530356942
64189.74045402578 54596.68417476352
15480.591190223724 65037.110076213525
52514.30124888091 77927.96685849142
52177.20047097338 17134.980300792115
19335.918085989113 89915.5068068779
3118.33208882899 99113.9202094375
58573.22280011285 94507.6298452136
26602.29643081 9864.764374606804
90721.39669753198 98781.3812817418
1775.8032968715477 53908.39759389996
76313.90187339277 47267.48673956183
49223.61171208499 83.15331859061192
76896.15907628342 12798.231397099058
36926.82912095551 14394.81976014959
79193.54780862223 353.57507644157016
60638.17954598023 33756.30242549352
70162.87040210424 94534.43352219767
20056.27925096094 35212.20375223052
29046.415899260115 68117.45636638587
58104.30396722169 65017.42267641544
32754.897951468964 78513.90679179566
31021.222406763038 42716.44698707685
43449.020338667775 27440.317615991895
95554.25344914504 19765.801314690103
18274.466829244982 81284.97160838684
97555.56769579697 36938.37061641984
82038.32372266488 46989.16292055865
98090.08867409393 30254.868819699856
66481.42792929047 49246.91559977002
73762.21665095947 19774.955080604715
30581.69519105952 93638.54367128207
90442.1654005673 12558.096750045055
57312.41870424079 60890.45344494993
6717.238739058084 27903.543019379627
51086.89819490568 48110.71737678126
27243.761624474584 23191.82834599621
43101.59599030644 86536.56851424948
8060.434703718644 2475.8377632798756
47579.41104314123 76478.54101101177
40788.28035289591 85311.61717544113
45496.648212445565 22886.86312737279
44035.424890319795 48866.30562634183
17079.106173133874 39382.72789579324
29851.924568156184 62361.41483449751
93682.77261473789 5032.282972043511
30596.760301323346 6413.625448162552
29533.153750788864 75130.01981252659
59251.61727977691 30788.443455402135
29462.28087412137 79324.58331444416
91220.21003959212 74033.07166099896
98772.45030456982 43581.466670037364
90620.93755286095 31612.43794150711
70425.7977036445 85588.13485633678
77488.52176196755 92000.02443023473
43811.07977607538 94183.00684863457
400.58183138221847 14600.023016385489
33696.42094646809 39701.770352271546
22568.526829456292 49867.28145412609
90692.76270820836 56697.08534219136
68808.79130973904 82842.02124756198
66678.3291482552 67390.88016061603
50229.8734787131 14492.552780871714
99801.9446952638 29225.009969923023
30901.292766305054 69418.62459896348
97634.74161835496 41978.161465023426
86578.07111180296 64791.13024096431
65350.833842395194 96717.67626865717
77094.17523064642 35405.99115693762
64391.32922982937 45241.55937169388
38812.96901036437 22500.383347349183
16095.274368138867 12589.285973041797
71003.16681841851 32252.083875113458
327.0749579366905 37331.16611936755
71977.7714143467 86536.31904839157
88291.82578042666 44159.34201069557
79259.35523745196 10035.633641486063
46453.97630410236 84980.34737703014
34178.619668904794 71585.65253948772
45266.870407528884 61014.91153737863
68606.66890124636 83257.76750233457
29173.66147593997 53495.390147324106
94668.04928573396 79528.6695302274
75373.63626359962 96938.99407964504
92028.22037267139 67822.4751564431
49837.3131696379 17717.652854609445
27505.476515756443 3695.001845604162
7696.408462879179 14068.009865075026
25168.397319282976 68180.07846521957
89446.39379169456 92888.05944651482
78678.15239669889 36347.63244371517
3664.8615795600526 19967.957625250656
70144.26665066161 61910.30004835445
7617.371308226606 68302.45656370708
25435.20037389172 25685.502307551156
54358.0784131149 4788.883866783344
96635.74130592962 31648.386995385215
35663.29084001407 81134.07810488842
30577.942136877602 39723.25290646186
61494.6813045982 34031.552297698705
9470.558771038252 10943.814464997093
485.1008475328933 51227.63530452829
71298.32039274061 86319.86259233077
62653.441680329095 4292.413766707304
72616.71266955117 72827.08067299247
37982.8985499306 66862.77176213842
8442.925840143002 31316.043025053717
4842.021830022048 8343.119973514678
3134.9967641287503 85337.25878198801
18918.83791351113 95285.73808173157
60855.02109311417 9999.878154103502
99887.69530723756 73806.52383678296
83211.82633232986 46053.86895632598
62628.46556310945 85047.3187656756
38511.285022096694 90720.32675463548
83640.36340054128 49173.52266763689
21189.08416076165 16112.961436433627
45479.869712043605 6555.5260042754135
63448.09733418356 1258.1217803883883
44544.58412107638 72643.25719882533
16568.39589443042 44166.25740144912
47975.28509387025 74072.45582348102
78924.43613680698 73816.49949906621
51410.468201885975 82774.27465118855
72488.45955265664 8005.354485227889
22647.927333759977 39834.10973402902
66519.26713128391 44049.94360844492
36759.45547918395 86732.24387153497
3635.33380352663 37202.30902074686
22097.215990764773 91391.9927819243
56942.40945314638 13685.74443806725
35586.95295407248 97059.07617531637
11189.445776434924 44315.69699901603
24220.360578910273 1454.0213812095026
82523.11425128905 99545.40038855986
33777.04716776019 84004.48316087226
22366.093250494978 19565.35913005646
16253.85563163345 13286.66730748167
4005.6138842258447 27173.87929916342
76130.50239999192 1265.1031429206316
39768.92873404654 53101.91230698111
95296.84538977829 39519.98882677112
80913.17264225289 93208.81418235286
99637.16827572571 45768.98948333124
26879.504131158737 75354.19387957257
4710.772574267441 55144.1625527321
96158.82906749046 38647.5921298412
21289.19276712037 50353.142177854796
57124.85848819269 10752.438930611463
31158.46343312857 82891.56092840938
42189.76396496196 25954.779536392114
98697.38785463778 77434.33666160576
30792.970031370016 48192.978326781944
36271.104377180505 20860.64279507196
45520.88437426105 88399.80762894709
51042.280477397595 80453.14698061653
60619.976231014785 47879.719160879155
31550.632263663414 69409.76253058531
32621.826961299626 66643.70835458118
5718.360545415912 27882.363174706446
17313.27642475966 86353.98693762804
34355.632707264704 91102.0816029512
67058.29899256189 36964.040675240925
74994.62187402573 62437.989076126134
39719.13661051892 88002.82706933998
79721.50539760497 47368.63154539838
8864.841628453401 17993.373972005145
11925.13493038091 87376.8842152003
29179.253051573938 62925.4652796559
78382.03531130524 41308.94472871266
6030.360286819691 62689.15860065529
546.1539627452216 25288.04385748964
40873.45751881043 76514.71751376768
98520.54009904622 38899.84168096303
90797.920496059 54664.641294176705
63533.05390028226 66718.7231008522
26134.60755839786 59243.34058159046
37079.435903274 26505.841781545125
85974.47717560278 87994.74745375467
67536.37617379185 85288.51188910348
40197.12366826144 21430.86795439205
