1000
50000.19888773273 52436.21510350716
50000.29150450027 58925.97878109694
50000.147786642294 94757.1845837147
50000.37925966575 31207.375361504706
50000.96555461261 33736.88426100655
50000.18296932365 42497.08472554551
50000.027204597696 29875.21022232006
50000.345970397524 33902.03090310394
50000.952690824124 23534.187625413317
50000.131640024665 5211.744918246508
50000.24583800704 49923.440808470375
50000.064778153974 54724.75935881185
50000.333142405514 2143.892063526542
50000.985637890815 92091.85463350694
50000.054842696205 35021.00890997532
50000.50409200058 18836.360770344574
50000.69025178114 62075.368876928325
50000.46790651912 15280.716286937068
50000.91957492328 83475.04822085779
50000.31956344409 37000.238758754334
50000.51136068155 93330.73980111412
50000.8712029161 75959.41428118073
50000.75618888803 27659.630836566652
50000.61024986456 2646.899542757342
50000.23426944206 9718.019861910476
50000.76346111027 90320.72235314008
50000.683631356515 94094.6419785124
50000.48838641352 48762.35364110347
50000.28650218201 83652.2193884633
50000.94191610034 88372.75431655315
50000.76972066892 35730.25640725103
50000.84128356389 72131.20049838565
50000.37987593922 82916.31750906925
50000.07766801188 66734.97336957276
50000.75674037302 36571.12442324898
50000.81814936186 63404.29130713683
50000.03828590269 89399.11065710013
50000.54160480091 49800.548140359235
50000.34040535642 31711.846965151235
50000.988704155985 9809.774323736065
50000.4427865053 77860.4500000407
50000.262379142885 73509.58967019928
50000.419709126356 56519.97956486166
50000.84616565776 89602.59252492023
50000.73980375132 62088.81677056218
50000.72590040391 76110.36104658966
50000.32590691987 93264.51085884568
50000.712187416844 22215.77394702632
50000.73215826915 94166.66320990885
50000.2598580534 44739.32672105855
50000.616517419025 50654.51597927097
50000.784463877084 40938.751061401534
50000.6721267427 12964.710991219863
50000.297930676374 51777.60258518031
50000.323342817486 23546.07620611763
50000.35246968757 38106.94001626921
50000.52539566006 14737.223376384145
50000.53440700492 31115.977561319563
50000.381265470394 56805.21068878165
50000.91564077361 27783.58110751845
50000.25304233301 37413.5196723601
50000.52400323629 1063.0730080784413
50000.34600940033 48777.82458548318
50000.785781048195 56335.76418313551
50000.16931909516 90060.30189122917
50000.02042571924 72494.64165525997
50000.3647371355 73123.96816717582
50000.44363812538 39801.45820641032
50000.18841205719 16414.819935320047
50000.93635963734 18566.36222529896
50000.15213478256 17429.408912996114
50000.47336856748 37633.98256935389
50000.66537268569 18982.515407580126
50000.97768663818 9955.066465162266
50000.15919277448 96917.11511179467
50000.35934750684 23545.964090961967
50000.08332204714 90028.64741936787
50000.116497095936 2351.1410235953713
50000.24542436894 85755.91297126781
50000.469656798356 78034.48414218545
50000.0252320295 70352.88958799883
50000.337702541576 75437.66577951513
50000.79764440682 78698.97782902633
50000.56808865877 59552.36353827566
50000.61292628163 68288.75125296862
50000.68289036908 15953.215507488872
50000.54634085675 58433.66380979117
50000.93993653333 23452.59519425158
50000.21898180135 17277.036553885628
50000.19382272362 97161.03480325853
50000.675020733026 82076.36777557821
50000.352898495265 99292.76218814451
50000.022756203296 52214.157640597725
50000.2574956746 75670.9145648394
50000.46873536727 11786.543746528321
50000.614625927796 89834.65835224833
50000.91738409727 79070.7285828311
50000.96623314046 27695.465772432748
50000.0787696375 59344.289037451956
50000.804942380295 2665.3300286550552
50000.920895502655 97634.2186901776
50000.64366341916 69777.75360232126
50000.663921010055 30863.831873806015
50000.69744319515 91004.12022847049
50000.153976404494 41011.47748035949
50000.56544384851 41365.89818684886
50000.36395671429 91261.20148276811
50000.13438499593 44592.001929863
50000.287252176066 42764.59154952197
50000.29691165872 18504.60032456074
50000.05385850651 41523.30755914415
50000.41446897297 47214.34544256663
50000.76338142438 31948.75341393807
50000.33824897665 95159.02314373058
50000.25288743253 83104.91120927155
50000.29076807199 21251.23879007772
50000.202110933635 84292.55010652113
50000.5538176787 78746.82793260949
50000.75237673565 44411.2254768608
50000.419068797055 19530.100069319724
50000.52947332998 14765.161432251161
50000.102114873764 74970.79236283811
50000.171375355705 25453.84579766192
50000.00757864465 48354.79876339387
50000.817848255705 74213.81836791948
50000.94082790237 42819.69488359526
50000.81354773589 56865.119955200804
50000.08056481045 83037.75155804979
50000.02264989323 14096.737183588815
50000.41558303011 58340.8651309597
50000.0294932658 21174.028002838884
50000.200393524654 60855.64874931332
50000.07398725096 38231.982330331484
50000.3174140257 8778.247233146985
50000.06570242267 75854.01316396635
50000.320628918955 55969.40495382337
50000.52274727805 74258.91837999514
50000.1513133005 49808.50651503981
50000.15754222698 19600.7890526561
50000.00870603526 98446.93697929145
50000.022174763704 33974.449708994056
50000.02345622527 20455.011336919204
50000.06174579866 56779.13252900195
50000.328249390586 15656.566935433892
50000.875989333195 57530.38134958145
50000.446577535804 9700.181161530098
50000.234490201365 52505.92940306096
50000.286016823076 69514.53619372698
50000.178443181634 17193.107962611186
50000.09479571941 1860.3920702105813
50000.99267929248 27742.448174908084
50000.704693840584 13105.251087900539
50000.86571360478 9801.720878868326
50000.721153751634 85811.20568556155
50000.41063116405 45305.3539747109
50000.14420918626 72413.8418461339
50000.07622393865 37376.18840746896
50000.66395672202 68776.56641061042
50000.97593860597 3396.23072355143
50000.361237809906 4212.76300344825
50000.846362208526 32887.480832922614
50000.11571354061 85375.56174761069
50000.17310895841 29943.183482956425
50000.60487488845 14295.358460882278
50000.596408003505 54087.019343050415
50000.99505729128 33324.011365790575
50000.64110904916 51927.501110929
50000.025980083046 25848.091332211
50000.042748117165 22040.112922256994
50000.475675024994 56937.52845122961
50000.66832230839 31900.961682365614
50000.87835994787 61080.16551729171
50000.53607507461 53062.93034707821
50000.03654508706 8336.374500582344
50000.62979071646 95044.3440601646
50000.82205150136 1902.4393022456397
50000.08103511761 11365.006411565548
50000.590001517696 68308.11069395112
50000.615347782295 28550.008755622457
50000.0208455014 93060.4547542493
50000.02790793094 84732.78934223087
50000.07661367717 71575.57482880139
50000.81149210178 39866.91174194987
50000.69139205975 63744.795900187455
50000.03629059436 79585.34501051722
50000.93540700283 47329.523445111234
50000.12346775243 56465.92817527638
50000.32522330384 95466.77088171768
50000.21648954025 47268.10358018417
50000.267219245754 85902.45904718082
50000.82801504566 82859.32655567308
50000.38414133932 3374.880802132607
50000.668439514826 81290.86677797037
50000.6365524899 25246.315725002376
50000.05087616517 65493.42207488681
50000.00539695446 11875.651881981652
50000.93396157584 26717.131318242937
50000.499584848 45096.47829594159
50000.37311409438 93499.65693856623
50000.95532739743 38637.16851270862
50000.66153153101 67636.00644840304
50000.74458124505 4409.545101504864
50000.669452171 13051.19818613154
50000.85813432883 17693.387310490703
50000.53500097608 89981.48463572598
50000.23205484817 86790.54684942789
50000.047326449814 74836.9065944548
50000.07168818968 3418.264460469067
50000.58270626 62031.801178089285
50000.49633844449 13235.768009928872
50000.217676822314 69923.56687173388
50000.93346643397 92158.93000612743
50000.68454866698 56087.27722188278
50000.2611112644 97950.0023257517
50000.45297751284 27671.753420165256
50000.64124447075 41270.99349782356
50000.53931599308 59916.87237575101
50000.38067480213 26474.127924604185
50000.123779426925 24427.577577391825
50000.48365952727 52795.06686229576
50000.01209532388 35878.09550200557
50000.60949403416 9817.856903627853
50000.74384528129 5002.13107660945
50000.873231031306 97431.25535518216
50000.661051895695 36925.9054645562
50000.33030571566 85942.76282408772
50000.48479172096 27822.627686799027
50000.864914655365 94663.6643310131
50000.434899261825 34064.927114142796
50000.60627170675 42897.400942436245
50000.658934828556 1729.7365648003438
50000.77004675219 77495.73465192394
50000.41105174825 13538.043694491298
50000.43490028208 78715.06079006397
50000.0588375213 20711.230264503367
50000.185714574654 51573.03046774836
50000.426770242135 28055.756198072635
50000.337338945545 61255.03375122443
50000.40608430669 77348.08308163083
50000.698555984796 10488.103621296585
50000.05252063847 50932.92105509994
50000.39327132401 82752.87755292788
50000.54542443594 55891.51244918553
50000.84115778383 57438.49193296828
50000.32695862105 35063.51038842774
50000.13936643301 76315.07538672994
50000.91007480118 71137.0100887627
50000.57964554401 17749.59994816584
50000.424691739034 82003.29192118725
50000.01937121822 68210.57712096522
50000.70040289219 8294.621326924978
50000.38114139591 13406.616195047161
50000.05521667397 47038.26703123662
50000.24726891701 8574.621210358879
50000.70694147776 72533.89623526059
50000.28424290093 51506.95210741479
50000.96115173732 54311.98853761775
50000.23765886275 82404.79823978769
50000.21863916884 76797.02417734385
50000.9512092521 77334.75125446393
50000.39862869037 43979.84609389401
50000.66662242601 41616.41925072106
50000.55771010502 46121.53871669144
50000.83762462393 18214.55073206971
50000.74934098352 43551.571987293566
50000.28425039875 56469.785939315254
50000.47528962589 17878.184422167444
50000.79373068482 65374.291286623156
50000.13485970217 80066.26958266807
50000.50398551757 69168.65070036471
50000.33049248162 37058.47082425941
50000.771985847874 97909.4678749063
50000.6463875184 99474.88962106223
50000.12788637594 50475.73391713819
50000.95109238851 92189.08653952772
50000.88836288699 95352.18403212415
50000.07349791245 32663.53642737827
50000.956542877866 57340.28593171799
50000.893303634446 17932.991121265397
50000.399425499476 87159.06030554693
50000.223591945425 64682.14255328658
50000.74146370782 90607.93506010274
50000.64955103132 93269.50186276999
50000.609164361784 5456.276247452152
50000.64407302711 15700.158571117217
50000.58900503532 46245.99560072969
50000.75608241532 73547.97604720182
50000.30505551825 46996.243202972255
50000.60500572571 64453.81654623262
50000.04164193393 38350.3093069307
50000.47383686498 36185.943280631116
50000.844066732876 22209.955222709254
50000.407951036985 43560.55303245604
50000.03223224411 1156.0636642227396
50000.79384400871 18182.28321706048
50000.56877567102 88168.75688262767
50000.22344903768 47707.69461990552
50000.46655629291 24014.70941761462
50000.84080047658 33985.35051821472
50000.80969718534 70077.11296764156
50000.77518851366 38653.25808926061
50000.7611850348 96128.05750914689
50000.825796308745 97525.10458478812
50000.456258930215 80240.94258246991
50000.60087810876 20136.33364542805
50000.3704360048 21775.342268370103
50000.548864507364 43723.50117096955
50000.37823517093 56418.1538622207
50000.44452270354 58019.50295725347
50000.53306243489 67406.96992689016
50000.141970491735 39889.04292008327
50000.97162036721 26433.476746522832
50000.58123586898 65177.56812011041
50000.98623815635 69022.5970371177
50000.302132672456 83135.93096520333
50000.79606153936 24590.503736438008
50000.83064635139 42037.5837030629
50000.82489075325 18746.732671208254
50000.348211506454 80664.73893256047
50000.98558121064 82356.65439166136
50000.16263927344 27454.33440852695
50000.47179906922 70750.37314505425
50000.48225680944 97539.4939516136
50000.645183646775 4217.277463621694
50000.02992823951 84571.23598182348
50000.68684913456 5252.393715683157
50000.92906671981 97510.63837851617
50000.910421463675 11312.977300125493
50000.15620974627 76800.83802079101
50000.091492298496 62459.23214492016
50000.4977720551 29504.821265955983
50000.27794726017 7491.223668201575
50000.51474960755 84049.82787987268
50000.68305437196 91716.25867010337
50000.93390858309 44176.78770572915
50000.0363740039 5456.169257671617
50000.84125455975 19477.016878612398
50000.98477481854 44767.88009003233
50000.771992328926 44188.79311218555
50000.675641253685 67944.95877365398
50000.78234672628 52540.247368741475
50000.53362143827 42419.89423987766
50000.50956643842 59939.00000987611
50000.65634823258 43505.692534390364
50000.41597530017 35919.91101719324
50000.92692659298 78261.4416632094
50000.102364300496 48617.95235999351
50000.39163091457 38811.40104641946
50000.45977214542 17306.953740059627
50000.93279112655 6979.576013950395
50000.96326489423 74293.15121652302
50000.40349312553 9856.227201764745
50000.32190459799 32411.799837098977
50000.05187197855 14013.654197094927
50000.06037722974 1681.025935169156
50000.726006661076 97360.72954305116
50000.339074243064 83073.0369000185
50000.24001208035 61872.21812255065
50000.84082766085 92305.17970239469
50000.20071281987 40458.18250216752
50000.450373422136 94451.4912675587
50000.530094983726 86669.88594773937
50000.83891054842 12361.101948222764
50000.55669824766 54702.115708565536
50000.65855311919 39159.96987322062
50000.66378313294 87646.31656206484
50000.164447371644 65605.89481671387
50000.06760409 22621.362650748168
50000.33471187625 22663.550444393255
50000.20977602879 97072.8500478982
50000.005317131734 78823.52757664259
50000.81826126536 84772.57505727625
50000.235993519396 74413.56725361921
50000.3284342825 72390.74046912472
50000.83996971321 5278.435056857688
50000.48004061257 28898.889133403314
50000.89899423325 97402.17363076334
50000.102490268124 42030.32731047891
50000.72674470935 93199.94592361775
50000.826219142764 99841.10962264701
50000.27394112841 47091.39160849738
50000.760769697765 67922.21500152157
50000.71708780481 22561.11255858432
50000.50070109006 38673.02858939255
50000.111987206474 46627.88703132339
50000.22319822976 50063.39804090827
50000.16883103463 67406.4783415435
50000.38744945155 14450.610760654681
50000.294723407416 3605.8259009533076
50000.13907718472 97116.07579948005
50000.392044311055 81248.68838829303
50000.19149815174 79729.40766181689
50000.073467860966 6357.665343605557
50000.09380130604 18753.48066908954
50000.10177906696 43688.45001349799
50000.884698153524 18629.371159380993
50000.01336839404 96820.07357296554
50000.093721191144 66200.78083403126
50000.08804088163 53243.1278060682
50000.165592028825 97125.30558250498
50000.92570506012 9320.898312859526
50000.8446744871 93101.81719017496
50000.03250320829 32936.372117533385
50000.47338855739 33001.80217622416
50000.974272528845 36668.25657272268
50000.22116759345 63144.68820814292
50000.69763759887 42201.67557630104
50000.22443201374 13862.012585030003
50000.76999949549 87094.5912761073
50000.49530470324 65548.0584727505
50000.548509758984 5667.901317488222
50000.43911658351 68304.13085398443
50000.8982423639 20568.045448950612
50000.090093931176 77358.46669091491
50000.97806566185 44583.95484874705
50000.04522826552 79256.5869285861
50000.60974660191 73276.45635776086
50000.101955380545 12393.68055911536
50000.25273325018 20249.777519842348
50000.30154515753 17698.042964222426
50000.94732038603 20261.07842688527
50000.24858890928 55016.30545375169
50000.71862889857 84492.092841643
50000.504949320995 46071.68459599069
50000.04598722463 98965.57060000786
50000.32663610176 86459.78976516638
50000.49713291378 32444.426402549565
50000.801066295506 36091.57977750332
50000.6071105252 72626.116540618
50000.24554515863 82470.86186569207
50000.81340403203 94521.09600426079
50000.45142104579 61936.058535506796
50000.498958624186 1366.0274145755102
50000.454598865974 87286.90650032749
50000.12854645707 50671.4933532146
50000.75445236662 84458.02544332047
50000.5188488825 70582.59674089601
50000.36753567391 83222.5750376809
50000.084944196475 21448.96746415046
50000.27542951141 27311.27853030074
50000.350875041106 13894.879314500497
50000.667861736096 17580.64262890332
50000.738579143705 25286.364970965835
50000.93079024012 40072.40134503166
50000.02745309141 77947.11484165039
50000.522628285034 17077.123189523514
50000.651398026544 94641.58962006029
50000.01904084347 95228.69001769334
50000.563554137385 80125.32387651088
50000.23588553585 22944.095704508414
50000.15662856274 53546.92902847708
50000.091415529554 54819.24139206251
50000.66702489506 18856.246816844534
50000.083401382355 42881.35366697835
50000.2516106441 11901.974730842512
50000.08041750869 77348.3359490412
50000.2190662712 99698.40120108968
50000.20188030188 40678.364925787624
50000.00364497867 1114.2618540826988
50000.596851011695 3328.0514739891464
50000.02322197095 97830.11485460281
50000.577989128935 10347.199238615456
50000.51995019274 73922.87705869146
50000.97151486958 72464.8388001479
50000.2144590067 81027.27587940596
50000.13688543382 21713.376521987582
50000.41160166306 45459.41173746393
50000.3248209639 77444.52885847169
50000.428089714194 40623.089817966655
50000.471915028465 2280.973879566561
50000.48903889688 65445.51596557536
50000.361046034996 78705.1982562567
50000.20058423132 38385.7717096863
50000.86690103205 92596.34812257241
50000.516712878336 99326.74812710071
50000.67194828409 65353.546003546035
50000.74434833538 68407.60851624253
50000.80674369221 30682.279050246543
50000.77435465247 64191.98233501693
50000.3256715628 29273.76605964276
50000.33416420184 91462.08438341058
50000.4388522868 5090.539811998407
50000.89144615137 11744.182475148324
50000.191781347705 69172.70500898336
50000.06686664988 83136.09475000289
50000.60514511685 68901.50949010308
50000.80002534608 54467.54130383509
50000.01075192096 15201.21687541045
50000.371751278515 43526.371841241926
50000.67050219087 82541.98489956312
50000.93692465862 44050.2468673716
50000.782742688265 51408.390680089586
50000.933480911655 15332.92336002543
50000.29174072771 8450.557704112838
50000.62238556297 59119.18413025542
50000.13530477154 46776.40057792176
50000.24857316502 79936.36712814495
50000.16281399282 81026.77837744523
50000.77274878028 99240.94563419587
50000.74323687526 64782.732630890016
50000.476960573236 64422.01755663086
50000.927446848014 42312.73278747087
50000.98323214366 90501.6430072506
50000.95810701897 32968.02532151294
50000.46633384639 1346.7617997190985
50000.64321012217 61754.473767204145
50000.92307004496 24191.87447539395
50000.43549715346 20606.83112024204
50000.3150783817 27149.68538487611
50000.96171309359 37814.09587407494
50000.4802832419 67764.92566572729
50000.32957827882 72329.56000741744
50000.41929453663 74591.69595610224
50000.235912553275 88071.17829634759
50000.940653339465 94003.20350780446
50000.17051222239 95277.29182941445
50000.39070436554 23805.80856122032
50000.23651584409 76293.99871610003
50000.70009328363 1723.4429924438466
50000.137931122066 95987.53042926225
50000.62671209965 7397.814954606508
50000.61033893006 71999.05089627442
50000.40317428708 83369.12110396223
50000.87110937644 23133.34994253974
50000.99339127706 33901.88380663645
50000.2512950549 30416.887694487305
50000.70416582721 71780.37108847154
50000.192853173605 70940.69182090931
50000.0375671456 38619.46868831991
50000.678239300374 81255.40709255378
50000.88951880008 17334.358410617067
50000.54722989973 65311.67648401474
50000.165168326115 400.8282727284596
50000.6414974688 44461.51519996449
50000.15018519585 1055.2379282198988
50000.66748812844 18639.089961428457
50000.479086105275 12655.769216037848
50000.3788649021 82582.00101567313
50000.73819730735 62531.70537841152
50000.47128726778 79678.02145694791
50000.03459165584 99782.33564499949
50000.05502944497 80018.19236103105
50000.96267277175 47458.16671528198
50000.21047017549 24308.994244087
50000.657097182884 78655.36504625925
50000.583974013185 71405.56102608316
50000.75981311014 87590.0348754174
50000.427239641635 2090.4858147520413
50000.432713577466 96296.198049313
50000.76875131819 451.64640043849903
50000.00668805679 39045.568281772416
50000.71906482879 2569.3011344689153
50000.8011886231 86445.44373839877
50000.844505271816 91448.87782691434
50000.97170761888 31145.253950917107
50000.20111498041 42965.71833575307
50000.969745944385 76090.88984938139
50000.81958853132 79353.93070676188
50000.30293794209 65992.38967049532
50000.342689023884 51745.18867773128
50000.767817054184 95594.11648275191
50000.82018428117 87111.88747518357
50000.90529798654 31997.551946259617
50000.40219009591 74113.9737042213
50000.21858341552 96325.23741323633
50000.56808623376 68650.04008571991
50000.76604030328 94964.83192014779
50000.40618974118 24966.536175291654
50000.77888895912 55516.979595664714
50000.25949548145 91868.93882720605
50000.95373748446 72337.77276964503
50000.78148772929 19905.644402548805
50000.507448820674 99830.02684186061
50000.32051356547 81342.38935562102
50000.27816156049 59016.29757408816
50000.68170737807 47990.411098617005
50000.95842279925 97444.63024491313
50000.92781476312 64628.7299128903
50000.756519076225 60728.34645728149
50000.63682947729 2621.073494825177
50000.64271420801 29619.490098788436
50000.435790256335 1039.5472114107517
50000.35216165133 96187.80385784533
50000.85587116713 18939.366415440072
50000.79548183162 53553.62932908392
50000.19787792152 60045.159880749154
50000.04894895217 19097.365720009708
50000.48375468667 38479.00836887853
50000.056376651286 56516.105465857225
50000.10434757914 84002.60901881052
50000.81640230336 54425.77571458831
50000.94753875149 56856.243665018
50000.27605760123 43953.73083162661
50000.048010516766 26650.43716581096
50000.46355335252 12738.93929069716
50000.37641988648 81131.18791860693
50000.96021398927 36532.012486762564
50000.11800906979 9821.870961748258
50000.294227556114 28769.97860812247
50000.445674454735 4983.013263908154
50000.66040138679 89171.6083142779
50000.80336225058 89865.34363423973
50000.08000230367 21874.68477666956
50000.53485571615 68464.37336257081
50000.07553415905 66283.52755212245
50000.70389030511 84099.27587911308
50000.60119288427 73589.53198262812
50000.70309875445 6783.638515384949
50000.026544150496 83139.7746122699
50000.86954500111 58085.20285618601
50000.80380522627 35947.39651297252
50000.25410695726 875.9089588002533
50000.952681664676 62671.74764409721
50000.374300893156 74693.1612132375
50000.98257242145 45482.30386832435
50000.42219144015 10887.735681569276
50000.139551279164 86654.59601649882
50000.88455851339 55516.84015386559
50000.69643519091 71724.24437426213
50000.16882728299 72301.18916858885
50000.90613751962 53935.622921293114
50000.26440851079 73107.58116715615
50000.603139085564 65905.8090261518
50000.72354058526 37620.74160333069
50000.640553030156 13430.400365984862
50000.19847332218 88928.19453329108
50000.405801941284 93652.47263237016
50000.601874000495 70711.10039366724
50000.39501145197 57615.38739086233
50000.03679953609 17119.455119499416
50000.17572820027 96256.50633583727
50000.65366745676 63485.99859967685
50000.71701593622 71926.84496494102
50000.0893586113 33015.85511617856
50000.884797466424 51845.6642980772
50000.88928111127 22270.52778473517
50000.80663679356 44679.5495218558
50000.574372319854 87041.41195144817
50000.92583747453 27258.37168360814
50000.32200318436 53825.579329084176
50000.871577638136 75633.18884577036
50000.32174366161 90422.06421158236
50000.833272756325 36917.266678814056
50000.06897573329 67292.0050147112
50000.9819551871 15078.148456423934
50000.248998603456 49250.895308645624
50000.97705657623 32407.3552115709
50000.09934593015 81427.62094019218
50000.97891058677 97994.30637340323
50000.19368106382 79493.05563357458
50000.74416027513 47877.72052184729
50000.21573801691 58955.90955804948
50000.681799615624 7224.020860044678
50000.48899837853 10331.09666730888
50000.410110776116 27085.390946047704
50000.692811507426 11957.231564174852
50000.45188343705 79057.2497142404
50000.04767864797 40705.57923284126
50000.1237622374 49355.45927217032
50000.99481990877 14428.760397262275
50000.98775245426 94809.55258946434
50000.9495149045 36261.616743715655
50000.531418231985 61498.10586758304
50000.65813956856 97472.33689859293
50000.59975080105 45284.34325137884
50000.40332768154 54540.716123620914
50000.85844462414 18516.133987002835
50000.82028848333 37074.39136402586
50000.4861050746 55659.403246712005
50000.964386560714 91128.27738864916
50000.18409037135 33901.757784899746
50000.10728324985 72844.79643535386
50000.54006768859 39053.28761954357
50000.30870764424 94492.12795310833
50000.73506098869 2421.6514535033816
50000.485555679494 9204.236331497872
50000.737029734315 96348.9107524616
50000.75854869326 47361.93480383747
50000.8297717273 65998.39458072459
50000.834345924675 79304.58835763684
50000.54874911707 74995.55579099327
50000.760257999566 2172.0028487453137
50000.27248843944 32975.62160582392
50000.05426292681 47135.598631921916
50000.60145394109 36580.56329752487
50000.19054007954 97207.17609931095
50000.5996027487 78104.24385878976
50000.32107058899 24004.89932982627
50000.78363013186 65019.126023115
50000.48486435768 56032.33814039991
50000.38902372269 5539.521445003815
50000.447793347426 39991.924572198266
50000.520820629274 30599.399982747887
50000.34852759595 19428.756537969595
50000.619701206895 38064.29594191459
50000.14296613411 63227.36547033369
50000.67508952334 44606.0288015795
50000.25536245328 84035.2507795597
50000.34125412499 26361.466247965047
50000.49223756753 67436.41469303083
50000.49648266149 50133.55004510497
50000.27371188512 34034.67000800715
50000.72392574387 68266.16938934353
50000.25161040935 54408.73446927504
50000.13540186161 73595.25139968508
50000.377691415255 11127.02317451768
50000.73199984797 90206.11933190799
50000.69746328523 17616.56316795416
50000.212911522285 80478.49831806024
50000.033279641735 62457.5565593084
50000.62534316064 88223.8849931552
50000.58745441121 36280.39740334768
50000.91418802781 96807.0205557011
50000.05448446747 93820.26213755869
50000.68902713222 38690.11799153246
50000.937365451515 39262.35555767099
50000.17239614868 57814.91074938432
50000.79677568609 84251.42011556536
50000.22496684629 20480.89635933945
50000.83232793842 96718.79411450382
50000.93412238108 79437.03190459436
50000.15237890947 30515.467814629894
50000.56772800581 77424.08505074814
50000.45768307086 77012.22465806815
50000.50398767317 92137.28887079758
50000.063291919796 94477.49437243708
50000.729411668406 88596.91020698522
50000.767677746575 92005.33289697452
50000.06830626039 89312.2278662438
50000.39177299067 50531.18189369747
50000.749024327124 75876.2253375479
50000.125839881635 41475.43811240626
50000.75019678413 12743.72557031861
50000.0395464998 19781.969067310234
50000.32033915129 91017.38664657027
50000.59991684899 10419.916968838417
50000.04056853798 82489.2568997053
50000.18917377963 57189.98952517077
50000.1432499663 26139.23941583586
50000.36505827065 43243.79870699293
50000.5998846449 21764.136991180803
50000.85683819544 86671.9733258376
50000.30548726165 70372.02261009277
50000.73325145485 99423.32389273633
50000.132329067164 11025.630004259523
50000.707217969095 14380.17672867955
50000.21867123671 55019.335873133576
50000.171249561434 6267.453595476546
50000.01483876317 56187.99362436977
50000.52723641752 3608.6036918190457
50000.84316112808 89663.29690367392
50000.91239586344 18432.53813195673
50000.431271653186 21285.966071384068
50000.65100245782 69136.15659286927
50000.33873977234 93538.56527432478
50000.56355595688 7411.834775001158
50000.372575197674 20314.938157396868
50000.56856163882 26432.16067686408
50000.614062893575 10301.901249048362
50000.02958103595 34780.18050762633
50000.808268567955 78417.54400877401
50000.19204234537 4709.44757482209
50000.537570445595 36770.64495217208
50000.35854262273 16005.985279610535
50000.75286751 4695.737857542515
50000.124210771944 72563.21118848136
50000.741893233666 51255.54227654918
50000.27739406516 6295.293162931804
50000.52067742222 20423.33054467166
50000.882153884304 15701.689230652139
50000.843875859755 20124.77420252149
50000.8581641327 49515.281558233604
50000.94528244396 29992.67081682495
50000.7394903047 73808.39898236032
50000.530871047406 34241.26159011626
50000.77238379671 35819.387186513464
50000.45338239052 27521.52936338128
50000.35392518309 798.208715366433
50000.81162537884 33455.8623137297
50000.90907806691 60914.3833471734
50000.40446985476 65901.52805043296
50000.89003176443 45985.921197816024
50000.30141184417 36411.8495653156
50000.23408042145 91004.54993260157
50000.656294875276 22055.2507980747
50000.79398980639 45939.312873762065
50000.57034263649 74061.87627197894
50000.915120790596 28099.81757613982
50000.15255647614 52667.57882315576
50000.76112505859 47426.72750189153
50000.54759751995 6871.802359191593
50000.256446593376 11357.011141116856
50000.49431483615 19506.8149872602
50000.205362405526 12121.707939601523
50000.14219036185 34119.51622965224
50000.68475397624 51049.692938976244
50000.68200747861 71073.84988703481
50000.949451252716 2792.8794075797623
50000.85713478783 1904.3037408976727
50000.15608751679 77444.8752910757
50000.77508848037 74245.50222221417
50000.175266226295 37454.74419404756
50000.09558312271 11196.369187115284
50000.777901961286 97256.93007518345
50000.74993002839 77850.02772016672
50000.8476471961 4359.905224222638
50000.96553246121 72217.83464052722
50000.76666997109 10830.380736751322
50000.851569479186 65495.10623154407
50000.4592317105 78700.05360702856
50000.27636995873 42421.02304206823
50000.238024153405 29440.558151084027
50000.97096344151 34800.02159380761
50000.98123144128 86867.18550942675
50000.19164974726 8653.65354322648
50000.74003055919 77432.0039067302
50000.07762028063 61250.25369972329
50000.63752486028 40364.00992884943
50000.806545145184 75445.38799035718
50000.255723580056 31152.439176250446
50000.052007962804 50224.066313501105
50000.04261824532 53768.27926809524
50000.73668245367 85264.06178500834
50000.28463237274 61303.78334502176
50000.55907262725 30423.62583342875
50000.03695640362 25748.26837193742
50000.794835459936 16859.146234872802
50000.527792647365 76645.81185545473
50000.27040330073 29264.610586390318
50000.26565410749 54571.213735709935
50000.30954223869 13555.921634451173
50000.61242722677 86917.60074320792
50000.42621297537 1643.9371980907724
50000.05204460169 80112.37772981574
50000.958551732096 69776.01867621877
50000.10662670353 43434.651154980485
50000.2374413306 19205.24174349284
50000.43353274896 54015.15716662371
50000.057752254615 7635.605809596224
50000.482183099426 33519.48273882366
50000.979215765095 14203.11355686341
50000.102753513755 65992.42354396918
50000.98312342245 80899.20788457793
50000.67702304536 1288.8505095044911
50000.561181809746 53028.31548618295
50000.45181722182 13082.79972285894
50000.424364084305 46627.065217813644
50000.09216028855 35159.96222109117
50000.41481913962 35667.05884632987
50000.71468834938 54818.82678682304
50000.639644837145 61866.51347630807
50000.37746477 6246.020705851929
50000.84370759373 78839.54489636769
50000.08171341152 32058.71762656306
50000.1977929287 65561.62799070471
50000.8046125056 52423.38300640137
50000.47104797773 25259.382544438235
50000.51189102944 66.47184378127946
50000.95250598029 23987.190104266898
50000.66573769366 9790.120451097484
50000.27537108614 81318.69072072154
50000.51225495984 90094.79015975524
50000.01741957386 15284.956117586567
50000.49063548492 81975.21013971134
50000.96338351114 96294.05499695464
50000.575293553185 66919.45724095733
50000.90607114314 72224.9380804139
50000.170374321475 18699.510683663368
50000.66391778049 67755.66694404479
50000.553857494706 25955.704297777473
50000.712777124885 58802.419331607925
50000.08992634822 81512.95234549209
50000.2689260157 54363.79773230999
50000.27324676279 60681.273230592094
50000.20476871832 48264.32900966868
50000.05802794817 9164.506508020298
50000.571523495295 96940.25476572556
50000.83292946901 1799.4530284814125
50000.20265892615 58254.07175245089
50000.06808837295 2867.9571159258453
50000.84357391808 80896.187687816
50000.237132166745 31016.392359537793
50000.37060740075 71978.99339471369
50000.519786101904 51895.445430125874
50000.52823251293 8665.239950712734
50000.7606216141 77530.90943070335
50000.89187150468 89998.18785895772
50000.07109145028 60810.42698780235
50000.78052365441 79736.28699553941
50000.54074287914 5285.7880393769265
50000.9603353812 86629.0797421623
50000.66354134674 10141.355017961263
50000.95287087955 50191.69623434868
50000.92764808955 22394.638745389162
50000.76247198678 56427.478295383145
50000.44727009195 97670.92021617784
50000.034589986724 75837.89393919858
50000.59667426114 57858.39303813221
50000.73882537232 93200.21075337792
50000.268245679894 99592.21509336909
50000.9705798032 10313.601178528208
50000.669341547306 23336.797193481696
50000.39199987342 17129.208099592506
50000.48294614735 35902.83627871379
50000.67416062792 95036.01793702699
50000.5020624207 9992.428178167424
50000.66914212491 23036.94640242727
50000.187073148976 49757.69159989962
50000.36484062681 72957.05069598809
50000.402540927586 55944.227654808135
50000.570687217514 2585.8358882957286
50000.95722983214 89118.53032718731
50000.628174078505 17106.687306766853
50000.55665254658 49643.37617972091
50000.31029183664 55901.428415520626
50000.698856380826 71831.5568920042
50000.1324968437 73198.88330654019
50000.90672809389 86462.12973307823
50000.28475303825 61732.833016033175
50000.92486970512 20608.712972234323
50000.25763025069 41064.04919006098
50000.55511622938 86202.52725838927
50000.73035522148 20886.902203534097
50000.08958361414 12872.416578793744
50000.98292714722 87779.78966944336
50000.26359336711 67727.59308061053
50000.2399462144 81963.44345387135
50000.00871899596 68971.16082578975
50000.17609264529 94898.56831283271
50000.56062250973 4920.694164860806
50000.33415364978 74249.28203883154
50000.13695751915 28827.097292865532
50000.16988820476 1362.2547350597536
50000.562546115616 48861.94137528485
50000.62646886897 22802.711260596996
50000.949249757614 42060.18184343111
50000.30008672442 53581.73194594389
50000.11196924456 31219.715195981014
50000.818978272764 62760.94205159363
50000.77617757696 24561.15679477644
50000.750309695526 64159.517506110744
50000.35690991472 16248.1136717056
50000.80797982896 4499.961307289835
50000.81784919156 25633.43384919432
50000.150985470675 66796.98256824918
50000.121310530165 32653.44292550989
50000.15017276764 46613.578700396516
50000.17980763624 11032.324745699018
50000.13912994076 21655.642849040934
50000.65108060602 21701.875327309284
50000.31897905914 1173.3424999022523
50000.32219297443 4997.143169124485
50000.20559226081 6610.3736029119345
50000.20541089009 73107.74649489901
50000.634222025175 13315.213710665563
50000.55481038395 52152.16716841374
50000.27043197175 52534.737085876885
50000.42829367221 65659.71629481704
50000.77990557986 44837.82264739461
50000.1497291756 51330.98021388436
50000.81245184967 22052.952818145553
50000.47086803178 58444.08260895527
50000.20189373438 89698.60386449799
50000.82537585168 55608.44380559805
50000.10502900853 31109.93023251316
50000.87439611843 65041.92959772242
50000.12482553315 19714.248665017498
50000.67695961797 84631.10371830154
50000.97421751645 75153.18455901131
50000.25789534724 14232.45250668358
50000.02864841983 87359.2145568234
50000.86133061595 77943.23997609108
50000.68407565939 8225.922306814558
50000.27354099859 73296.74246471957
50000.68246130216 83186.87324341791
50000.64452770596 64156.336573071596
50000.2733849747 96724.15811679595
50000.266010482694 22012.585886839708
50000.52272346279 17866.999203028532
50000.187555944365 64265.99229908022
50000.097336973624 79596.38382821209
50000.18334750948 9306.438676606977
50000.46958335389 51493.78250868852
50000.42820970187 1699.1789803374347
50000.32518801753 68004.29541466307
50000.53927706562 27358.587813835387
50000.03527804815 93530.71179242783
50000.2599899008 14284.55520753522
50000.0960402275 74603.75879828987
50000.308854763905 89129.83798240023
50000.287956915534 95985.24542678003
50000.24663983847 87665.84697028865
50000.63524177706 20851.812482952635
50000.99281220612 20847.254305679442
50000.00842988751 50350.97017382262
50000.73324552291 99903.84034357856
50000.93213131248 80854.62994129963
50000.288023024244 65823.84103919171
50000.88381036856 10710.610984228242
50000.39358344365 20053.439522918638
