1000
71.56344025796656 46037.57368196008
-785.0753199801524 99383.00776781834
-318.1175872859278 829.5620194889386
868.9706317498327 80260.18508352006
561.1833803558337 28024.96232259888
1206.4855238246516 95588.88366658681
-57.9409775004226 90023.78113981198
-138.6206262827581 59668.92751422778
364.0337229647772 75941.16516323056
63.284564343328285 91973.7668449928
-21.42622944406577 55618.82634367735
-1432.808786558793 46722.30841475615
-2217.819438206294 11676.453499943507
491.6227141042137 88132.65164577444
1134.6025951688296 44040.95577189684
-258.2705366554049 99301.78217328567
792.9078663509247 60669.95614030257
-358.9709440581144 52105.17905348408
-369.5222429312113 7526.945088693049
967.578304267782 71081.69607349053
-257.50715214625495 79768.24142469488
-346.3521839245478 66727.7591886411
-168.83715325022837 7875.605004379316
-430.9773843748166 38226.348728307355
-1721.445615632018 6609.864710132796
-1864.192633541564 62123.979558901956
-180.52621367343 7350.905400522356
673.47100231995 84291.21686622691
1097.1844923400631 60899.139221816346
1048.9854064620258 37351.94399961007
181.9738452022078 63884.0234580068
-350.3785135540189 48794.504101575476
667.8187812231519 82529.4808583587
87.94904884346288 53148.96223679047
2137.5218864557455 9161.891964925406
-1461.8241892043407 20569.716633843705
1297.4773806838768 51976.66370550684
-325.26011156801525 67168.18647307479
-1757.7138837667198 81405.92015481183
-277.60889351114116 63726.56062703872
-1080.7818799469674 67016.36894560703
-839.5969668664349 9846.693329361367
-693.8568541184865 28113.506264444088
-1258.442592136566 86525.70667355078
432.2012482322819 67434.00321525702
904.1349747753419 37475.94177934995
-140.7501131504802 57208.95071444685
950.7283092421108 71446.35671205621
-1102.8252340991157 72571.00840840198
-962.5603353378414 86658.75831214906
-596.8987609789017 9876.659175693447
-272.4000124196797 91044.27174031087
-1299.8278536746298 34756.671860513336
136.42320321279354 24720.208798442156
-1558.0612625369467 48942.098144397125
754.7680457983865 2130.5230340169624
984.078140099063 19705.049900485137
801.2419367835429 658.7836501358413
293.46401242997473 71992.16663728803
70.92557484018864 47390.21790993313
-212.6848657206974 85625.75072238853
-1456.2503640153016 418.86508451924874
1706.1410054149508 71180.21038045596
319.2419655786389 51573.39528479677
1354.7507336908652 20072.760673205103
-2146.6458762545835 35375.391960708024
-807.91596107839 45900.50946017131
-571.9904416521483 56219.78197307007
450.69445248795665 89364.35381362641
1291.7825957617904 2921.390649866551
-46.61740372170027 86270.4258551101
905.7866260252921 81521.77684950262
883.1507516910141 77594.24652200218
-438.49561291475635 84996.61159431
629.3926915637916 20730.186222998593
-252.59143622822378 39316.698681830654
1102.836214353693 4285.49725454519
231.06128290160385 14159.223309378744
442.3709433137662 76472.52730459067
489.2416453069606 1813.1504449135361
-930.2835984013716 74606.81002373422
-1582.573195773209 66253.07887163931
-824.1113022990093 83692.4045584071
1179.0945284471354 20445.57981930082
59.74368903407802 45939.92776245923
-892.1712119470798 64848.87998064934
2295.410426467614 61409.268135377526
-239.03267488014924 11464.81694248388
938.4520202128213 6229.426241285419
185.6805228203895 24723.80649587007
415.59115995832843 32360.683666105484
1203.963043092974 51362.44335557117
502.05728566159104 75476.73836575872
908.3160645249263 63013.18848001324
80.61662646660142 73374.66820836136
10.755344886970729 6159.082095997692
-1938.2050373673355 81421.24678423442
-226.23678446383968 79367.80739520123
-499.88693597678804 27988.615472032376
169.16016835341773 30105.09262038177
81.56698445360182 82739.48394080446
916.248768898262 66491.4021743901
-758.6658307215129 22786.7705919105
-1364.892324329918 24379.19665439312
500.59257873201034 48100.34087744609
243.36026383707667 33101.75171784999
1508.0088279796128 81260.11085473324
-1080.8308347006468 8527.135934140539
1353.0443577160468 50623.051418253526
-747.1039199160841 44687.87956664504
-777.0911901938947 72064.7468644385
2171.3544317341516 2734.6683697965
-1704.1373561452929 36742.338897467744
1845.5234027790168 65274.1622889956
348.38090182717497 49809.994793165904
386.0586504657576 55607.561821409945
-208.22553598345868 86536.75090306973
-2416.9014155953323 7072.263362818976
893.9244124205361 64553.61305754759
-402.66138043042525 14123.33028427617
1135.62545004046 5555.951203547227
-882.1135854239232 99322.7909247155
-592.5471324414211 9368.949323938468
7.769849037522719 35087.86533904544
305.510742163473 63361.9073373853
-1565.3257040391218 59082.67671290043
110.56626973762435 7989.874956942522
393.82926228775 18940.4550387426
-1129.851224136367 89959.80481701139
663.5514483137083 63903.23506389371
-311.2143556324179 6212.468753590561
-123.67479407299284 11896.573842672264
-461.3408416291705 67375.56871918522
-1717.5922947385577 34499.61819384626
934.709702407348 24102.620023843057
500.90727686580806 44552.37442892116
-2012.2686964449388 25427.014108432246
1077.3673344139072 38532.79152012887
2194.6671285162042 68444.05034853025
524.3949144562602 76714.7701182894
2432.612676777569 45903.67981602327
598.2170008129041 14569.59999165981
-1064.0875886482072 14156.408012563126
-1648.2075518963272 86303.99769652002
-1198.9227327501353 5717.777319363815
-402.44524711289966 97927.03094443539
-891.1664233892677 51801.51738905298
-285.83991595643874 37782.055060194776
-60.04715882985283 57148.244987194164
114.19798107138757 4083.299646721339
-1898.9550430453282 71082.30457008134
1685.5875277099437 93682.85916857654
-2805.3057861601933 42568.616271290295
-548.4257533885628 34138.360633248034
185.27680693235402 24627.902286027325
-1027.7185311971537 93833.43953639393
-493.91267807605345 59212.82472265228
127.64462558996564 49381.32461589937
341.48745641366014 53925.19727690125
1872.7545286064133 43888.178969692715
-2039.0172482929293 80666.7399235295
-1.4352496753623607 60923.85030138116
-1357.1093284588947 94073.6255297379
-163.99964205490957 10400.992951735943
-377.68859729580737 29860.094061330754
-577.7288155708035 83137.91166530825
732.4942478892873 29037.115443174345
-1087.3654012619952 48561.974582485534
561.3170564340343 70214.08050773358
1422.5691709871198 8272.281980568785
477.340286904911 25894.27806366009
-1050.1116985880622 11907.670034194085
-744.6601410505278 31578.43517248904
-1322.0455897984223 12578.98770533622
-43.90908665422521 54905.00965095881
-926.2174248405074 62381.48664360714
976.26553773261 94445.58713763014
-1281.8491326100634 47627.47881780456
-134.07738734274918 34650.997357230626
1483.001942309321 38647.071972819016
-297.26269167754765 52122.969352775064
-951.4360875461555 65288.31100509706
-817.8003754911911 96120.20378839759
339.2355705297915 60844.57328346848
13.889643672729443 38908.73280483793
-1518.0449495775001 12619.204336723133
1387.050198527188 58194.19078673074
948.1663126694604 62718.88648605297
-902.802209872586 34774.690717937476
49.24430288780691 4607.079649059565
-106.81148485808617 74598.80007254086
-1910.1481099820403 57179.2968598459
540.2328423704943 5384.484012658619
1101.245417963536 54098.72512233683
-1801.8672972992235 93845.16222368155
1374.065489695445 21424.088341153834
-220.07731997796122 57274.63428992452
903.3887881093544 85393.3409256868
571.3014716007532 20004.05760630064
1465.7714357429452 46511.44646728962
765.9335089263298 71004.14022747257
-1249.73492252258 50350.6519606715
-619.7463383509038 66417.39113531481
-2013.397556561512 29881.449837413744
704.9498370864441 42152.115167477175
-1556.2426388629306 47897.50078955333
915.8591429587547 90604.88914018769
963.2996375350413 72222.38775733695
-700.8650258140487 38952.20355552512
-147.6411994983662 79805.30780804405
-463.51365468899 185.43492814060426
-121.2773402358458 6547.086799626034
170.91357923931582 5867.384438027479
-46.860043377106166 25527.208768845212
60.86461378754433 96773.63998602299
-1530.9059116405326 96203.14114197787
2681.105860729237 739.426035537294
-988.9513040371515 82630.55398437176
204.9817186987927 81075.94364783604
762.542293153613 33849.119441346564
217.71032933382008 28231.426187100216
656.8908022548046 84348.46388637279
1658.5320990762536 20862.067835183017
1547.455848017709 45191.276344453625
91.50103272149569 98856.35871852028
1251.1301304028077 93236.71104903643
-695.0118449343388 40554.5660913802
1043.5238648584984 8234.149194959627
-1286.7117158445512 96633.11170257705
-338.8625588057552 26646.196134451926
842.9801166261074 40534.106364979336
-1350.6847774044163 86033.12971056001
615.5075704486119 6165.833772126583
-1872.999734621818 32956.793909803295
834.1429921483781 48501.47075711424
-1784.032733596317 16095.389674398564
-825.5115098755654 38091.05005159388
-322.3216586274019 18510.23810869371
1379.0011895606028 9194.67950412941
315.8123892589256 50155.6026499991
790.2192257058987 92981.3042304065
-1159.6358471928984 81654.43065532495
553.6080380443235 76156.82700281039
598.5465350255678 70807.75191930316
-1396.123513759693 27318.623514325456
1924.444472508012 37185.93836701931
522.5802293091667 12489.193719612778
448.16120507072554 83670.73728339613
665.5335043062234 84788.12799311291
132.91342020464117 15848.148729697987
-158.01048956511718 1285.3338918440315
1871.805163815726 7284.922260166349
-510.01560077407794 70338.06088121615
-2259.581199085418 42254.04158569928
-644.0231524124467 74598.55693174021
-192.2524965710976 15034.633715484913
929.4642214709708 11321.529338603232
-737.3598055552744 77580.61524704541
1496.7644051589086 7886.514341821827
-1414.9465332098148 78305.93460126793
-940.682887263 27937.495527166935
-1475.8939180046605 93638.3230788419
374.8924518575655 34059.8968376663
294.4091183446955 75471.01873515692
210.42196614292638 76491.05838679564
-1106.681982639898 18706.105591856547
1233.5556320531248 92850.63485188497
1505.3389029078205 31025.18689319489
923.6107453893857 3101.4120433045855
138.80565459497956 42017.90169506472
-910.8060100533119 78730.19864945777
-1928.3370599764714 6852.810900353013
-139.69071977224135 22097.1669167083
1393.754756045207 32123.19496541651
-1721.462193289022 8438.427497739442
1716.190201350716 53917.64056222002
544.1056819660228 2419.2378297858363
2072.7418663159997 16115.267244224984
-499.4372120984755 41119.91266312386
-42.58473751627672 66908.51688700139
-272.0316308762776 53827.89518009199
2212.057329877025 21916.642340012902
1709.6791835968377 16945.205024437128
-132.56013184356704 93833.84506914717
-995.0389493358596 88462.91484134289
-1035.6939774582302 63007.9669776914
-1611.778948706271 66035.29482377357
99.37342968656979 29982.48051528958
1695.9164884666607 31397.855862047873
-1227.6962643990726 50793.45496550533
-1814.4564276124552 38297.07455286452
-178.5789123426511 19991.09605783832
-302.05472528902243 8090.586826451374
298.30462764279866 66531.50908038969
-205.68065943414075 6651.324410802562
-206.1756298140995 63407.34305222407
106.96979582925279 65674.00175666127
499.7598744983485 35064.05948845781
-172.59873667104188 81629.6823884086
-738.0890267965736 40093.78013010125
466.0637616672194 61892.657716833884
-141.31123380750384 93012.24990523572
-194.97673351320162 79436.93811910512
-789.6050096220309 65900.11360981257
829.1019071401049 88904.94055593736
1238.1490212374838 52357.03402531695
-430.1924824982076 10399.403932815132
-447.2130518795743 81767.59421642126
329.90531027709955 22383.190223584705
-826.54227552179 63491.815862246134
161.76780847933696 57331.29853710869
206.44574902130475 42432.09032635386
1246.7847114105653 19452.38817345466
-51.98157902537823 91305.75730860696
1028.4496206383642 75587.25391566646
552.4723942538982 47017.25729765577
164.67046240632635 97036.21304028697
-1770.2728929526506 72845.88210909445
-289.0059322572357 23629.249459424263
-209.90726503067162 67817.54586976461
-433.6639950737011 19924.076909759293
1480.3381379321306 73940.31331607912
-673.8414187995737 97602.89733223342
-2925.521739469525 40450.64253180495
-1039.6152556322074 99959.53886496846
-795.834415352305 31556.737629879193
811.465001789687 74316.38942619307
2075.052702334079 23136.003384011394
-668.096399498899 12763.083626072392
372.8517854088627 15790.669079395702
-251.59003332901398 58720.88894010778
620.3838775358522 17842.51781060602
-480.5005293264514 62072.50798873293
532.3935443401595 6100.601851202548
1701.8175285342136 75369.80754362968
585.0831960033887 13668.946005546111
-372.39370266426033 59968.96659900841
1183.724223750455 98695.52044321394
-260.97486631332714 51148.300156366
1380.0687523122924 92679.40660997017
232.91919419264454 1440.6511648968444
-975.0125653428797 46487.16702491483
-343.0289797021929 45267.38571519473
154.1518125741714 17834.72203289165
1532.5072294007648 68110.78243655222
2066.190321700752 95410.67169929952
-1000.1147567810281 79629.68830805375
-715.779350471887 6544.490619463728
-200.93322862800076 80297.28071746825
-129.70175987245793 95592.2742214357
9.782200911910763 84037.44577452658
442.6670987738904 63357.87330347469
-539.7328788059059 31408.715909998453
-607.4279137698745 58385.595868339326
-1869.939322512315 4028.9985278556874
-649.3075700393466 23615.984576288585
-496.68242199641696 61375.10957415189
-632.8852951141504 22151.629270158868
469.2577858616786 93892.31487694987
1169.8434201521557 11477.733961554448
-927.6198277167347 31629.928496225824
-323.0502915288936 97515.7252759631
-1333.4443732955683 292.69970249330424
-580.7731432323997 52471.288519228685
707.8556343356612 30968.99569039827
-1046.1805444895824 75756.70001129944
-64.55931216940562 82071.15346549432
-28.255106430897488 48779.07943251716
651.0051338707699 25185.224732634924
127.95973980356051 76563.32110438848
-734.6882343779969 42761.142734474575
1509.779323452865 20937.262218637254
28.98053608262186 88921.56868749361
-2580.8770353355244 92793.80127754538
1212.553023551122 86371.35513933357
-125.86520448455634 18732.7039732331
772.6137067844364 13375.37298258683
-687.9599101225252 21294.153627930435
1282.6983953806368 4945.695845411357
608.5914860046307 65071.01950834282
-1035.4265736705202 71482.45026771812
1255.7134116624636 66560.0960389979
500.6964967865929 37519.50392219359
810.5381465505176 56402.05612907505
757.8627254951815 47796.340965261865
-717.8512981800868 85669.00169717318
603.8346234872038 68211.92670191228
644.6794389494581 84500.97226606503
326.7756735722209 87239.77434921594
-1134.6009003242314 14738.761558044622
-374.43487874880157 42285.61646990826
133.447078247319 14376.612949123546
881.1575160860765 25979.98402395636
1109.3250876839907 84426.27730731429
-1907.0207270801336 64205.052812396614
1082.731681600443 8795.597370069252
-628.9596848879809 59145.94601798342
681.3552694788222 90389.2276295288
565.7849799903687 61171.85136530499
1456.2511146910283 35621.188447667366
523.243788634473 13695.42978070375
219.92615847565375 72010.96266582784
-537.6161814776754 81851.34211884579
-486.9013638738522 11709.148998459395
-7.8236237582127135 872.956872598174
-109.05456516968742 99068.21463487661
45.5798744284263 99410.00445399135
-410.2177768648976 90000.98125954847
1062.0741276530518 40469.87523507856
-1142.2274265205087 78971.72262026236
1052.974242844881 34026.24059609189
-2652.130892286129 45500.924722177675
-1159.1101529420189 66317.3772314211
-2035.831748721848 80977.90911436101
171.22516417760284 19381.71204520074
-61.04757986127681 52309.57627288968
-1994.0864892776297 69250.85839123055
585.0091173614921 18748.014062068785
-849.8187361154451 41249.615299853525
-1797.3980960743097 76005.13439016657
24.690077749108603 65206.20009868749
-110.91905728407174 36961.866127568646
-850.927263130403 58499.405406413505
840.4743683709715 26908.191181551512
1743.8717251703206 29478.908930589874
2267.712124435321 19043.241075666374
-481.0849690888338 63245.54688848115
326.7395898597677 5693.104361848156
491.6620463798042 66450.06157803173
-621.0540465943111 85950.9668574304
363.2262677227377 7023.367734741415
235.30882179746126 34832.22503228759
-772.2465305785385 40928.31672952719
1139.575649277464 68476.98922559901
376.22239710992517 73647.37618951623
-1399.3359069243684 17212.761447626544
1562.2254242487923 53202.094499948485
-131.72903277588009 23243.742949858915
2375.561756817912 34164.73711254392
-1076.3004955196293 62528.03901739718
-610.1264400940532 62722.590476749894
-787.3738316975114 26652.52683859698
-794.3726782992269 93623.0930666847
949.8429748942907 3424.639664618967
217.00726528138276 17154.308063230295
274.66954106671557 37770.98216966591
470.95963250760116 18072.447685979863
-373.882340721223 83574.20220137542
1304.4655835004592 82961.73355344612
1225.37525667095 92992.01534863857
-164.44945356477623 82076.85565175931
273.2758777237209 65321.12264249672
-142.74631952338953 65719.98393854614
722.6650523919928 50167.535145217356
1777.8881139233233 81177.47686988127
787.8106356274075 7999.725607373931
1721.4494390623445 5789.403298866636
-1045.4149026125988 28866.982347824232
453.71428507011893 23492.814430877574
17.33291633217182 38404.474107338996
325.49835517324334 55952.20169834311
-491.6733680806814 62003.2747710912
1976.8332131413106 39610.76207411036
1639.4016647920462 10828.689929204194
721.2159415490186 98110.6163759202
-332.11326619732125 65667.83635479267
300.50342841638985 30461.612029217922
-376.5060926120147 70203.34534549406
184.15150333356416 67260.25813492939
1109.125216359679 79941.58586337217
-959.5591692109416 28374.70958081205
146.53344723207653 67485.27110820836
280.7094995040975 7857.177579180463
1457.324150590863 36576.84956528421
-2430.695510507137 71705.55773914336
-1591.678622887406 52983.52929547888
-1252.064517411791 30278.7492688553
-452.2376900554843 9568.669692318466
2197.3729882832586 23016.699936626395
-1000.6703715469542 75923.61759725203
-618.5084349353849 1777.3767977400378
952.0521756318366 74635.5160180932
346.3729036060193 2408.3855838088475
1699.2872127759754 92618.27238473295
20.013914816313445 58789.31046925324
1992.5790671051473 23519.190980639625
1561.604703178059 78776.30835304718
948.0748198756648 12084.249580800333
-787.2112264935272 24620.31861823829
1743.9584138761031 11495.47438853169
202.18515615599307 51070.08375072164
-696.07397016244 59429.930731119326
-873.1343883114474 13040.550658150107
446.0323080025356 17054.79441751352
1274.1999986639155 71616.43958114627
179.56602022841383 39406.663869765376
-446.6845113707688 10466.50874942322
205.33121320477417 40726.87866082501
-102.30742608921517 41323.850879792924
742.7636288784386 94501.25535124501
542.8317713764119 3460.534351347344
-789.4079382023031 30658.38703678104
-548.4678038971059 52028.32594448679
2179.2105998989678 92797.36662191802
-79.51338608279137 2653.6882154191367
-2022.8789285356625 16411.719528379686
-45.600357390096214 4477.1838091441805
1169.4661063081548 1906.8639911448581
944.0190928357371 79426.10480377759
345.85473128651773 69806.54579557617
653.2385409643514 32359.568947604843
424.2813312191183 39031.173234434165
-1491.7433641144012 54322.796330851976
834.9806811860396 87650.76718709682
1462.685507290559 35782.507870709
-1103.1197151614822 18640.401839151855
114.17498341058051 41086.061337519786
-24.51502894139036 91178.7138868158
-1201.8052377936208 76006.20803131523
-1305.1257816953737 63632.71408235073
812.6835364375795 12155.873553136764
1167.9670549845407 67688.73104263631
-1037.181493921583 28919.826796895355
-102.24782811189816 46555.85267709843
155.19967459760872 67296.56757290117
-339.51235970534674 64989.000311704636
866.7336960518544 12241.714645780432
-867.2755148149026 56619.052446579786
-1808.2760404450592 4433.923487386549
619.9276809020558 19393.35437603452
-520.4893158603553 44156.98799015859
186.70924848454405 96388.44583047366
346.13927720300364 88218.82226286797
268.2900020585007 73454.59656920389
-391.4587775794537 83862.35111567895
-96.78350698365254 94270.69171020511
-277.9246392240138 97417.10716765714
374.73802969036234 28152.161808662902
-595.0531340530367 6081.294456701547
894.1100343933716 40133.76894599084
1872.0927407773258 27070.10312544259
-178.52975532189407 49377.82437974673
78.86085409408832 71167.33467879718
-1717.3454585071179 91155.44205843558
606.4211849021463 5824.720201410228
-904.3279323864725 93987.76942915047
1109.7098710022588 59741.617459503
-1640.5904595560924 99898.74034855378
336.6774632980235 69382.58212101164
-776.8859978604304 46341.56014929448
-65.21368441934567 35513.217526059074
5.041450807499748 3734.1598422196867
-263.1143590273388 91617.49002918832
275.4594712462838 57996.02748287476
-42.84931542587129 20773.391027780497
-1304.253057395167 58818.571434124475
199.17655245801282 42147.86178749932
-449.68040042182685 24606.06222752618
203.6314935622399 57986.00691059147
1505.69971342558 13988.985404067678
-413.29557036735866 21831.94431810612
573.8184738658356 73855.9541380505
547.9257549044175 11438.144575799002
-532.4953723255869 2269.9602848628597
18.65598937444241 87958.83392392179
782.3275060310552 44811.16040539071
462.24711156329647 96230.74896376114
-598.4570030719872 45908.082635029976
-1333.1957182185138 37880.29521333105
202.22694593910958 86752.8334600514
-602.1930893065291 1313.665470682368
-874.8845603933421 757.3459004007632
165.50498969613267 52297.3132753286
-1440.1241492046445 45797.22435877068
-1096.1856500960673 74940.19664018016
338.74748607105187 81004.84258351142
-1090.1054428265445 71474.09052131178
298.40658167709046 89515.59136565677
381.49674707471166 90998.80823145818
177.47826598702014 39358.37385258859
1226.7529445418438 72391.60602004237
-1419.2193597504822 44797.31377517098
573.2111078970689 6920.167596359761
919.6568494586967 22054.717939085265
636.8980908971582 32996.90833852119
99.81502028432256 63858.263914521274
-254.26276318608316 90074.73141779598
-1133.5768291046008 75357.96207982583
-440.4722734431108 44139.71355722085
-633.10725749932 41400.83910788786
1613.5412488174982 84060.31943697234
1026.8550788919927 49636.02419813711
-64.85080913449842 95858.04863957438
-868.884435416024 75150.74449127314
2284.594426852601 48835.96036435722
-1296.155404659843 37421.22517078247
452.0281306041207 6372.07816780282
-188.02445988767974 78631.44325011964
404.0540724600129 14128.551168365144
1819.650764981376 7296.1823012298255
-1070.8991324015662 35453.358713358386
413.4692865692382 69729.04662828619
-763.5118878695115 19600.13134550561
527.4995602099774 17916.85266413551
-1534.3525314799945 84665.87652578122
1027.12872625144 51733.36076795034
624.7737734986821 65344.688340353976
613.8420069735256 62557.77656402048
-2206.7542323847347 78171.2181335931
980.8035288466149 48901.292734333925
-415.6205807285713 42410.94496233957
232.1279530306054 72047.84559414958
328.8174734437594 37460.11738832226
343.92583237678247 85327.35822941845
1119.4018148984528 17926.836760501195
-770.9135534533049 69336.31100269832
-1396.8179774530045 9351.553008429913
-1188.9631744983794 30056.436692865627
-964.3292809645924 3381.3817040679096
-134.60319282312287 46467.64243010809
-362.2695657035421 66857.90471454486
-231.92288232858982 89751.22877236492
-145.9020894268779 60001.30266315779
399.55459382424 51326.80136584524
217.064239525557 31878.133679888622
-656.2621110023205 7588.011652479066
1546.611357744365 26169.035025881316
158.8375768064123 42763.194676311454
268.563870229066 20989.833200834495
63.11564174508096 51514.07305742125
-839.9064373000415 69504.19095820168
-56.225839663698835 58565.825744471535
-2272.65333146476 49613.215733817175
1240.472645480873 20475.992248618048
379.31378923624936 5806.593396811266
-88.78319768478201 41790.59846023087
-1040.6376105735687 62190.11117705472
-2038.049732045802 58031.605948908946
-489.2486008479946 8791.141409318625
-231.7552223578201 54404.504497796515
466.37501635484745 81896.95280081735
166.72367503704763 36404.58718133424
902.3288881980302 26457.86905483486
1483.334058411444 92584.60884110857
963.1628971008697 21068.199660453425
397.03813401509893 92322.00228324183
-96.9071608456757 43098.25334480483
-34.53193386413587 19869.199453665442
-5.096868174163501 72301.35102895525
-2375.093994756186 42412.013932512185
655.8997368231921 69187.41451980894
-795.4635815510061 48613.27896033202
-507.06304004997725 46154.24471107693
2813.182737933775 49692.17014418344
-148.36281872501874 67233.64766582452
527.5650901010391 63634.13492491336
-1231.6849702148052 84071.17357051038
-648.7733718413773 91448.66190359974
-586.5223276228982 29844.82147979206
-1338.2668640395868 93689.22941628049
-2024.3681531627674 629.8492706408032
332.4767361506115 25423.959431838415
890.5748540106114 26795.088148970615
-110.22634259746205 80468.90826835846
-1713.0017633676086 60843.535859406016
-292.70581065574555 47748.31779801028
738.4243086260076 88775.55524231693
-401.0688226116183 4043.5739671038305
679.198835547001 13879.636089621494
-373.24771237125157 68857.75411125371
-594.9068887224637 39713.44228378934
-447.84707426357454 82500.8849109142
-231.78771137899463 75432.61269909731
-456.14330737936683 84823.54618628774
-575.608857025776 17023.37102630194
-1328.6896101334362 28733.742886495405
746.2975252479953 91308.0780035259
58.17285538974695 77860.87545231316
-93.42244343438713 6235.690770940727
1853.4930243837332 26206.645844302322
801.7415342175516 34990.627212509025
-1014.9526012566008 12332.355878710865
-628.2047319305223 40694.80400980166
963.051103788791 63656.13358947491
1328.954485218263 50743.310673819884
1234.6573951154242 69625.41499624046
1367.3153826465752 71632.98683064217
-1990.8889168042215 29560.8406833185
327.72213938607183 81107.72186362415
-304.68768740627917 12885.586499847801
-522.1684317840613 13941.456937518238
299.39983053417427 72329.68479726183
-88.95523578587627 68653.40004685185
-219.99044574696327 34349.48222121467
-1084.5572297536496 76284.51475549125
616.1942540396309 95287.54790505357
-805.7776706928354 23816.01676333912
-416.08925237936626 66774.10885780983
535.6947320668054 40610.46207208361
411.8635859873641 82199.77137212818
1077.9672894587418 71464.97811136495
-152.34454509052912 25351.932469884632
-387.00537125791436 84021.19657066558
-1648.1553819657888 25734.279774441828
-1502.980194680328 68149.1841843832
-1480.0423595821885 92287.87399299766
121.88211182726299 53707.56746371095
-1624.0982698077291 68950.37026843178
-629.8529433285272 56252.96270715725
898.9456680821197 86392.2738184717
911.1538958401084 52417.0567394786
141.5512390006052 1594.099080644984
855.9073608992646 52137.02950552971
-877.4349672944923 55519.36904409378
13.83951215328797 35829.44821989561
-552.1181760511498 53884.4704518217
-318.3470961994874 82954.80250797779
-1400.9430758584951 74046.57968928273
1462.6159848804302 63817.46297937645
-797.4382638007629 75177.2435945255
-1037.95460233962 55602.221126912256
-1435.1850614093987 37496.395557713404
1326.0793056754526 97801.70877908709
-336.96309795535166 2956.423413185738
800.688583071089 77798.83850413964
-171.8569533777768 15515.692118891366
-950.1581371894306 16632.38331350958
528.9181530496604 77978.38627127271
71.05585571662073 25513.35605986307
-1024.8099294559122 77618.92011687362
2254.9255308046063 33562.43456001223
-690.418450341516 97839.57943472922
497.5743364112779 71026.21760482992
-61.9694588750205 27205.214996063463
-1189.2884223358203 13980.892753354246
1099.7029803939458 66894.00767672334
-104.46666575192383 44383.14461281044
-1495.175922398925 92626.58736708287
-1303.521366517116 47693.59039852431
877.5858808714263 7032.19768890948
494.41891173663504 81512.89669159632
1686.2937462201826 28680.75800051173
117.78008684631433 59807.50263971427
-66.97067507705971 46091.53387020015
253.95505994363066 5626.452949949589
-741.7190492488746 58187.446963260634
857.3208321991183 34483.51142981942
-65.5909090689839 74911.78194596723
-796.8364031869877 45746.97257763889
869.5813044790418 71541.40934087291
501.243657817826 1791.7009918142712
-1894.4106919602368 19673.37052620749
-1046.5245004954556 22720.070259070013
1249.168935474863 56651.42467260286
-1970.1302250773774 83842.72208303619
-539.9887158752528 38115.82915518909
-42.45464279391698 13683.262186662037
1123.5055882272736 23904.80531014585
-278.60499102343607 80013.09924479901
-1677.8434105461108 23465.90317173375
949.9119770537611 85571.36285663767
990.8932546998474 21334.266845192986
1996.534953975631 16211.099851850186
-116.37473124706202 41498.761668427505
-589.8984234831057 86016.6556784583
495.68976928209764 86468.91010574353
459.28725348165773 62477.49579685087
-1450.750445816798 9896.89006903406
-56.65851735977488 18770.48234664066
-32.71844794691289 65867.90617718948
-488.9607177152582 23639.784649570804
-739.4409993020622 74824.43738270573
2033.2698341837236 95069.10607234319
719.2209882864254 30852.855847084793
1139.7032453953157 60157.47409834273
-2231.8749431486663 2439.1308299992475
-758.422189540285 19505.916657152222
-841.0952493252715 47992.98616470816
1177.700233048197 64482.04531229253
-357.4786172021819 27283.06344999738
-914.4544661911525 15.368710948115982
213.23074365559842 83996.7588141925
251.20076010625013 70978.64363700285
-638.10360895601 57772.33224021052
-387.93925774393756 6771.7159790311125
502.33618299640494 355.6434287758647
-464.3649140841192 10519.475410262046
-376.218912455736 75658.74210602215
-1027.2755389715323 95642.31498008905
-82.67541455189394 63409.28585484919
1779.3064584989602 60229.312410309954
1218.4128241804387 97363.19492733324
-989.1452705549463 29194.690434019467
-1290.5344645410182 89549.78781054393
-37.972444043403684 55686.33476770351
-1394.4723538312085 60070.976511948495
-1279.8088994144769 60624.838951014695
430.9371580408588 5150.727390747911
1683.498299734101 34371.38452706973
-1237.0553686921014 26936.36253215812
-221.38229165060181 30146.92326465672
-1417.8903141757446 59178.29232928019
-943.7957455472464 16864.42632121158
-859.6326844430406 85839.17572114055
-196.04654107941343 45126.78793941468
-1907.3335990158157 31122.444648834546
-387.23840464410773 61195.40631008371
446.0807996631613 7079.035823953816
349.0316384592508 20885.673374036374
303.2535472517546 87901.27589069527
1570.7116256796937 44724.616852088875
-1004.8312312364045 28638.1440631304
1015.5074002559757 31800.18366494638
1775.1607666463394 97852.91817672063
190.4803474338777 98545.41575235502
1014.903726010709 1244.8175512646985
608.6917438021948 43427.44334571452
-489.5769349546228 4999.630941950118
737.3426817701113 53069.27175631853
335.7827507801882 90238.85378548827
673.8236000807357 93328.61636564013
1258.8164447894192 11773.191266241789
-69.87204896761301 53950.93565072956
-84.59674940669541 82111.77790896062
193.39214399409258 82523.60428993696
-884.3814635419837 92650.92273453358
873.2074695908085 54292.90847247719
482.5808347763134 54076.434120205944
-418.0031395593799 7128.8294281081635
1454.3700712791324 73197.19810660499
752.9176184864028 24158.601647218413
-287.26938052325426 44441.05459857018
-1309.6147326407083 62010.479390533765
141.96071905769642 68791.5423048711
-304.89549948392755 57791.721364178906
710.6310880359567 83138.82635987924
1298.9634432076637 57818.074247279175
-614.6876373190281 20966.181327155064
742.071222606328 62838.13213966517
1039.4281657526244 60197.9899306339
-172.7096375715576 1144.2892906956326
-1782.0444965378465 46691.58842172972
1634.8944273560212 73707.36137176161
587.4972343662013 3803.2613616052035
-1015.0106714593674 569.7112872631637
-144.5434042359069 28644.54791302372
291.4204449248383 30535.436758092826
-1301.9320348074075 12769.954063571942
-314.05006162522847 97443.81062197093
-145.63949601306933 54270.17958449094
-2475.50639453079 18823.829955837402
-1197.430964462761 4663.641687338138
-1148.4665079662611 59721.62209641743
-38.82506359513874 52398.88520533375
-1163.9932373778497 73518.95085506803
-491.816345721866 77817.56121528098
-478.0635989023516 703.8027691829928
609.7437749236765 17625.56140733421
585.8022031380415 76955.52834384218
321.26921522968894 61730.72980079508
-586.0832589219486 69539.90138489683
281.9229704910866 10668.045061660725
-898.1736547271369 75002.53020578621
2088.0358985519774 47023.29214170214
-423.9513805660381 62310.96282715204
-395.81895254247576 55201.88127068212
-603.7084852636467 92613.02171687021
-74.23356067911631 85797.29350025342
1621.518099386857 72541.17252878025
-407.0892161810002 99566.87443833154
2294.416615130913 8133.554317295133
545.955356432136 34117.78449640823
163.88601982302174 67206.03918061612
-234.58755060369919 87478.97689853444
-1060.7554193675207 96082.1981438439
-960.3213124584472 61063.32352970543
-1136.7001754471564 88565.18378462522
-216.6672889476346 61650.736186133625
1640.8531009277576 37083.79432986725
843.6884885020776 64045.34625980356
440.79914769311785 8419.455548519372
-478.85411841119685 121.01694222201864
1859.2824995197752 54671.42191720422
546.8513573392215 82722.96298045259
143.568946984854 6000.508629257284
257.7079698947415 80537.35291074411
115.83996368257185 73436.39417304198
431.3497974775492 32635.57563620014
1332.012819127591 72940.09766057656
2351.6127115485556 14381.319851417651
511.76022659130336 20974.4408311069
-1490.6920308844617 52286.640911467905
-317.65777863283733 12430.863972564875
604.7579458565344 76346.08425113086
1216.846904268184 35402.04965483231
101.89426603757089 69819.38989821398
339.25791869510755 6293.990023207319
-345.25808153575093 91844.26948426732
-1915.9324319324767 27603.37015255532
-313.29629584713973 48205.479230516416
605.2925563017111 87792.19694573397
161.2204964947216 57100.578550205646
906.9432400756572 33262.65789586941
-234.63003674990702 97370.8738569384
-1423.413815702517 27605.00691858514
-394.2078612076098 91294.20127295394
-158.62136468129015 94125.00647525529
349.90741447024686 10676.493521214492
584.8465203052875 34874.0421513869
355.55989370825773 52623.855650607424
-187.73921150643736 37277.200767390794
1128.2907450767043 55144.16395419423
575.8338610899642 20134.281164333668
-123.87664825873473 30861.86120498866
-996.4642735901909 9092.065954964068
2346.0008482649805 90989.39191727112
-1397.9047551244403 83351.06843684198
676.5430242549822 64167.85691696033
-362.8391538261468 49147.57952364025
239.56186976520186 15255.832696973104
195.61036020239465 95433.09423070306
-868.8934217583204 70189.46865876415
583.5670557734547 32500.22040558822
-1734.3283993756238 35006.90617316977
280.0954576605556 92326.72288865544
2067.4419026816595 8288.07812246377
278.4055610005974 44340.197419313874
656.0494717231811 48319.605920871574
-97.62926759358835 87610.71242753926
1105.3597973664098 53002.07941324065
1111.8474822024139 10868.206934893165
-904.2992639698954 32336.19883842638
-652.8339882593493 58325.55660786992
-757.809838288201 27654.03099457464
-1062.3912072004232 45496.09214356348
589.4401101452179 68561.81678287763
-963.9727662249365 34064.1302071818
1589.267829659305 90015.20215144956
-379.6056550170191 79520.79288604211
752.1170589336573 80924.61156366114
-415.35484119982647 4661.86238715347
785.4473034129927 24778.314459231475
-1338.4708285252063 69904.15333519816
-1032.16169434028 52579.5126138014
-734.2504716755076 18082.34929590784
398.7052701566249 22578.399992486276
855.0936814152578 39608.24133915757
-1589.0078921002996 47563.332382856635
-834.9894004884176 23836.204855733657
-196.77194627394042 1232.2518657402525
-252.20247447451322 65948.1004314035
145.33046636137937 59579.75039309385
442.7321281850167 99641.18441878833
637.593214282509 6389.245123640819
1840.5485653552296 64097.93084989165
1278.2714462380923 88083.17381812482
-336.1940929243977 57986.64501554905
569.9274329721317 20330.88828936218
-1314.3147363957712 10747.841832336424
-712.059399021303 19278.7690735582
1612.5776775396325 96650.34035190968
168.9734403089995 72727.51275656381
-337.8152693275338 76174.93102595225
876.3610275688009 70008.03333745844
-992.9776299891694 90230.80934169937
374.621674243258 15297.012955509892
-963.6288060147541 12920.56122947478
-670.1168033398826 86892.3128704704
-146.6248626473474 509.292260552241
548.7987771104115 51685.42261070347
468.87624650163156 56869.11546432464
-1776.6570062546484 76486.35415280462
597.3277790171012 20440.439037299053
-5.914520364105017 74132.9060557029
744.3880067561586 27818.887574647146
1778.8047156684513 36519.79045493272
471.2269564562281 28205.778961922522
-1100.212003604291 82175.40462891088
-67.27835513294328 9186.312196909075
513.5849276586746 39672.79952535918
-747.3172650256043 93494.62999697137
356.7514260326744 51749.587360507845
565.1763983824599 90729.93523974459
394.39397107343086 63492.51593575696
-1720.1523088636802 17384.739650980795
-309.91864210064415 38705.33504601319
628.767427947195 92377.98930153555
1929.797833917991 86567.80074870898
-158.94962736627622 10296.07425991399
2885.833376805419 22830.8794536499
1621.6328528286483 78954.06134055744
-2385.9459703403827 35223.37553870375
620.7369556036429 4838.073230195683
1731.6634744615683 35134.49597905566
1137.0359507470473 60304.69680044403
609.460434385305 49524.770307023755
-282.1847530433797 98257.74482393441
-714.3655571213388 48540.46775855524
337.768692304355 16624.28314843063
-1680.3814292846564 81529.0555256501
